1
2
4
3
5
6
7
8
9
12
10
14
13
11
15
16
18
17
19
20
21
22
23
26
24
27
25
28
31
29
30
33
32
34
36
35
38
37
39
40
41
44
43
42
45
46
47
49
48
51
50
52
56
53
54
55
60
57
58
61
59
62
63
64
65
66
68
67
71
69
70
73
72
75
74
77
76
78
79
80
81
82
84
83
85
86
87
88
89
91
90
92
93
94
95
97
96
99
98
100
101
102
104
103
106
105
107
108
109
112
110
111
113
114
116
117
115
119
121
118
122
123
120
126
124
125
128
127
129
131
130
134
132
133
138
136
135
137
139
140
141
143
142
144
146
145
148
147
149
150
151
152
153
154
155
157
156
158
160
161
162
163
159
164
165
166
167
168
169
170
172
171
173
174
176
177
175
178
179
180
182
181
183
184
185
186
188
187
190
189
192
191
193
195
194
196
197
199
198
200
203
204
201
202
205
207
206
208
209
210
211
213
212
214
216
215
217
218
220
221
222
219
223
224
225
226
227
228
229
230
231
232
234
233
236
235
238
239
237
240
241
242
243
244
245
246
249
248
247
250
251
252
253
254
255
256
258
257
260
259
261
263
262
264
265
266
268
267
269
271
270
272
273
275
274
276
277
278
279
281
282
280
283
284
285
286
287
288
289
290
291
293
292
296
295
297
294
298
300
299
3615
9334
9233
10770
9940
2924
1111
1861
10598
8662
9345
4768
12253
9611
3789
11240
12353
6231
10303
7655
9593
2335
12530
3056
9558
6304
5531
6980
1026
6419
5156
5177
1899
11086
7000
10272
5910
1692
4884
9457
10717
2596
10239
10976
6079
10712
11407
2190
6282
2256
7154
12673
10011
6666
947
7988
8342
9075
12950
9189
7578
12625
3175
5631
4837
12896
4825
750
458
8484
10192
3654
6835
6476
4032
569
10965
10489
6708
10406
7468
12038
5235
4409
1643
5205
11467
1122
11873
9086
12644
4899
1786
9812
2653
6913
2186
4599
5198
4277
8493
8916
3813
8270
10110
1411
5809
8885
11100
349
10678
686
9129
2807
4748
6626
7703
2893
2356
429
9012
10875
6892
6364
11616
9315
6720
1192
10256
9831
2369
9346
12382
4332
7558
742
1648
5126
7252
4878
9867
8793
10231
1150
6676
7730
7972
2373
2992
470
12974
4967
9245
410
9177
1045
1995
10683
11010
10268
8616
2498
9206
10504
4117
2286
3240
7849
9349
8657
11718
10047
9506
1263
8269
2194
8595
7377
10320
4799
7859
12524
2708
4459
5402
9602
11973
4613
4452
10436
4447
6559
1315
6803
1744
1350
10376
3710
8044
6997
5483
10222
11929
4176
1369
1430
9210
2830
5579
7876
7062
9567
1700
7207
10429
4370
517
9431
4230
4939
10985
4534
1029
9016
4579
11858
1773
10440
1767
7891
8681
1701
7327
2380
5688
5782
5932
1162
12925
3294
7958
8640
1060
6444
10394
2287
6072
2228
7656
3288
4645
5895
1825
5421
2850
1452
9737
671
6214
2107
11268
2317
3231
9386
12189
5900
12927
659
10403
4542
2756
8737
11679
5398
6876
10260
6440
7800
10730
12371
10236
3598
7823
2873
1215
10294
11489
5042
5643
859
12275
7470
3031
922
10879
11954
12430
5106
9708
7817
1870
8500
8686
6672
9693
5307
4491
810
11580
4353
7912
10431
12259
11117
7036
12309
6845
12665
12157
9639
7324
6707
577
7939
8814
2042
2082
1566
4148
12285
6152
12291
3371
6054
7342
4902
4879
12031
1903
9579
5818
12106
2030
2087
10797
6538
637
5543
11578
9348
10529
5780
1375
7481
5911
2953
10306
1303
2572
10530
12868
2479
10887
2647
5729
641
8429
3215
1871
998
5652
3372
12168
1714
5076
853
6541
11960
5144
373
1326
315
5435
11641
5976
5216
7007
8111
8663
5735
10479
8167
11826
6899
9031
3988
6438
9575
8438
3659
4501
7713
10357
7681
2452
8791
2592
4511
9489
829
5347
2715
7447
8945
3843
6049
787
8823
7155
7456
10810
4009
1946
3180
4070
663
1839
5497
7967
12611
9887
10672
1872
4021
7133
8698
5742
12942
9052
11252
12671
3785
7538
11230
2525
12652
979
9128
6725
2923
3350
5586
8767
12947
7755
10452
12518
6532
10831
1368
1126
4789
10439
9572
9888
4347
10587
3501
4379
2085
12876
12158
1678
8233
2644
5178
11812
12885
308
2034
3040
8965
7653
11733
4864
2039
4595
977
994
1466
12315
1296
6285
6493
7557
474
12159
8509
6521
12441
4157
2661
3877
432
2288
12532
4565
9264
7837
11140
5464
3238
6062
12647
1078
6696
11364
8691
6715
6579
4736
9179
6755
2690
9325
5626
3103
1551
1145
4787
893
8804
4186
8462
5097
6264
12936
11570
3262
7764
6128
1114
7890
2499
4843
11442
2036
8974
1011
10107
2327
10697
5705
2300
2103
5831
3844
7060
9763
6127
6334
7425
6813
9141
826
9601
3394
10601
4429
10204
1652
9866
3826
5411
9994
8466
8168
12398
12117
5332
597
2632
12663
1561
12360
4858
7917
12419
10667
529
11626
10665
732
1895
7471
3567
12561
7417
4922
1037
5099
1796
2066
3716
8845
12015
12160
4133
1625
8242
321
9433
6805
4737
12373
560
3374
1975
1033
11670
6570
10612
11177
9728
4925
1390
11926
2351
12955
9861
496
10270
7783
11653
3283
7276
7053
9101
10839
4109
10228
6135
5480
6066
1313
796
6920
3314
3391
434
5280
5880
783
10492
9135
12151
6317
3147
5223
3201
11669
4564
6469
2307
2437
8333
2235
11172
5345
8777
9922
1077
4956
2584
2835
6765
10626
7321
8425
4503
1467
6018
4207
12184
10258
7794
12414
9707
1264
6410
1784
779
7360
9248
5902
1638
4015
12201
5881
2297
