2
3
1
4
5
7
6
8
9
12
10
11
13
14
17
15
16
18
19
20
21
22
23
25
24
26
27
28
29
31
30
32
33
35
34
36
38
37
40
41
39
44
42
43
46
45
48
49
47
50
53
51
52
54
55
56
57
58
59
60
61
62
65
63
64
66
67
68
69
70
72
71
73
74
76
77
75
81
79
78
80
83
82
85
84
86
89
87
91
88
90
93
95
92
96
97
94
98
102
101
99
100
103
105
104
106
108
107
109
111
114
110
113
112
115
116
117
118
120
119
121
122
124
123
125
128
126
127
130
129
131
132
134
133
135
136
138
137
139
140
144
141
142
145
143
146
147
148
149
151
150
153
154
152
155
158
156
157
159
160
161
163
162
165
164
166
167
168
170
171
169
172
173
174
175
176
177
179
178
183
180
181
182
184
185
187
186
188
189
190
192
191
193
194
196
195
197
198
199
200
202
201
203
205
206
204
207
208
209
210
212
211
213
214
215
216
218
219
217
220
221
222
223
225
224
226
228
227
230
229
232
231
234
235
233
236
238
237
239
240
241
242
244
243
247
245
248
246
251
249
250
252
254
255
253
256
257
259
258
261
260
262
263
264
265
266
268
267
269
271
270
273
272
274
275
277
278
276
279
280
283
281
282
285
284
287
286
288
289
290
292
291
293
294
295
296
298
297
300
299
301
304
302
305
303
306
307
308
309
310
311
313
314
312
315
317
316
319
318
320
321
322
323
324
326
325
328
327
331
329
330
332
333
334
336
337
335
338
339
340
341
343
342
344
345
346
347
348
349
350
351
353
352
355
354
357
356
358
359
360
361
362
363
365
366
364
367
368
370
369
372
371
373
374
375
377
378
376
381
379
380
382
383
388
384
386
385
387
391
390
389
394
392
395
393
397
398
396
401
399
400
402
404
403
407
405
406
408
411
413
409
410
412
414
415
418
416
417
420
419
421
422
423
424
425
427
426
428
429
430
431
432
433
434
435
437
436
440
438
439
441
442
443
444
445
448
446
449
447
450
452
451
453
455
454
456
457
458
460
459
461
462
464
466
463
465
467
468
469
470
471
472
474
473
475
477
476
478
479
480
482
481
484
483
485
486
489
487
488
491
490
492
493
494
495
496
497
498
499
500
501
504
502
505
503
506
508
507
510
509
511
512
513
514
515
517
516
518
520
519
522
521
524
523
525
527
526
528
529
530
533
532
531
534
535
537
536
538
540
541
539
542
543
544
545
546
547
548
549
553
550
551
552
554
555
557
556
558
559
560
564
561
562
563
566
565
567
568
569
571
570
572
573
574
576
575
577
578
581
579
580
583
582
584
586
587
585
589
588
592
591
590
593
594
595
596
598
599
597
600
601
602
603
605
606
604
607
608
610
609
611
612
613
614
615
616
617
619
622
621
618
620
623
624
625
626
628
627
629
630
631
633
632
634
635
636
637
638
640
639
641
642
645
644
643
646
648
647
650
649
652
654
653
651
655
656
657
658
659
661
660
663
662
666
665
664
667
668
669
671
670
674
673
672
675
677
676
678
679
680
681
682
684
686
683
685
688
687
689
690
692
691
693
694
695
696
697
699
698
12501
700
3678
15429
2026
11236
8355
16747
11082
10271
9833
9110
12419
5602
16829
4292
1116
14604
1323
13285
974
5766
11845
10184
15730
5422
16740
11707
7743
14567
16570
10281
6966
13524
9940
3191
2537
9258
14493
4031
16657
5927
4703
15836
4563
16367
15694
8343
7288
6067
16583
11369
14066
8051
10400
16480
14923
15776
1084
2661
15879
3146
4545
4869
15941
13648
785
12512
4940
13767
3031
15777
10264
11377
4690
1342
12490
10189
12592
16972
15032
2751
2168
8406
13751
12085
4176
13017
6946
15053
11115
2197
835
10034
9979
1984
6021
11984
12302
892
4527
12993
13161
13851
8779
12154
4260
3792
11270
1264
15706
11344
6606
2624
3255
12706
15981
6608
3148
9815
13706
1120
13382
2979
14680
15235
2534
4774
5980
8293
3819
11876
1417
2614
6535
9217
5070
3773
14628
8979
15867
9359
11189
6648
3919
1143
12445
10704
14852
6708
13318
7613
9524
14918
14079
5359
13236
9826
13064
3830
10023
1785
8397
16505
15758
4438
1566
10520
8936
13222
5901
12614
12093
7707
5874
8241
7253
3712
1628
9465
1547
3330
760
9393
14771
6685
3165
15841
16459
1838
7119
7473
15774
3614
11812
1381
12508
7732
4014
5333
10256
14815
15597
12734
6212
11473
7299
16961
15287
2442
1711
8845
6597
6495
15463
7595
15126
5376
10815
13844
5024
2813
3004
16422
13138
15298
5922
14970
1634
4553
7303
1190
11000
6693
10187
12764
1139
10152
9326
9528
13697
14590
4979
12969
12047
8230
2129
5060
5399
14616
16089
13294
6345
5959
16454
13814
1318
8815
15685
11202
1353
4108
2103
15489
11604
6980
5457
1808
11425
5176
14032
7735
12337
11363
10011
9216
6236
3076
8773
10460
1712
16880
1922
9865
15932
12874
4337
2209
1997
8070
4821
16406
3342
3496
12676
3607
5231
15766
16506
8801
10068
