1
2
3
4
5
7
6
9
8
12
10
11
13
14
16
15
17
18
19
21
20
22
23
25
26
24
29
27
30
31
28
32
33
35
34
36
38
37
39
40
41
42
43
44
46
45
48
47
49
50
51
52
54
53
56
55
57
58
59
60
62
61
63
64
65
66
67
69
68
71
72
70
73
74
75
76
77
78
79
82
81
80
83
84
86
85
87
88
89
90
92
91
93
94
95
98
96
97
99
100
103
101
102
104
106
107
105
108
109
110
111
113
112
115
114
117
118
116
120
119
122
123
121
124
125
127
126
129
128
130
131
132
133
135
136
138
134
137
139
142
143
140
141
145
144
146
149
147
148
150
151
152
153
155
156
154
158
157
159
161
160
162
164
163
165
167
166
168
169
170
171
172
173
174
176
175
177
179
181
178
183
180
184
182
186
188
187
190
185
189
191
192
193
194
196
195
197
198
199
200
201
202
203
205
204
206
207
208
209
210
212
211
213
215
214
216
217
219
218
220
221
223
222
224
227
228
225
226
229
230
232
231
233
235
236
234
237
238
239
240
241
242
243
246
244
245
249
247
250
248
251
252
253
254
255
257
256
258
259
261
260
262
263
264
266
265
267
269
270
268
271
273
274
272
275
276
278
279
280
281
277
282
283
284
285
286
288
289
287
290
291
293
292
294
295
296
297
298
300
303
299
304
301
302
305
306
307
309
308
311
310
312
313
314
315
316
317
318
319
320
321
322
323
324
325
326
327
328
329
330
331
334
332
333
336
337
338
335
339
340
341
342
343
344
346
345
347
349
348
350
351
352
354
355
353
356
357
359
358
360
361
362
364
363
365
367
366
368
369
370
372
371
373
376
375
374
378
377
379
380
383
382
381
384
387
385
386
391
388
389
392
390
394
395
393
397
396
398
399
401
400
402
403
405
404
406
407
408
410
409
413
411
415
412
414
416
417
419
421
418
420
422
423
424
426
427
425
428
430
431
433
429
432
435
434
436
437
438
439
442
440
441
443
445
444
446
447
448
449
450
452
451
453
454
455
457
458
456
459
460
462
461
463
464
465
466
467
468
469
471
470
474
472
473
476
475
478
477
479
480
481
482
483
484
485
486
487
488
489
491
490
492
493
495
496
494
497
499
498
501
503
500
504
502
505
506
507
508
509
510
513
512
511
514
515
516
517
519
520
518
523
522
521
524
527
528
526
525
529
531
530
532
534
535
533
536
537
539
538
540
541
543
542
544
545
548
547
546
550
553
549
552
551
555
554
556
557
558
559
561
563
560
562
564
565
567
566
569
568
570
572
573
571
575
574
576
577
578
579
580
582
581
583
585
586
584
587
588
590
589
591
593
592
595
596
594
598
597
600
601
599
603
602
604
606
605
607
609
608
611
610
612
613
614
615
617
618
621
616
620
622
619
623
624
627
626
625
628
629
631
630
632
633
634
635
637
638
636
639
640
642
641
643
646
644
645
647
648
649
650
651
652
653
654
655
656
657
658
660
661
659
663
662
664
665
666
667
668
669
672
670
671
673
674
675
676
677
678
679
680
681
682
684
685
683
686
687
688
689
690
692
691
693
695
696
694
698
697
701
699
700
702
703
704
705
706
707
708
710
709
711
713
712
714
715
716
718
717
720
719
721
722
723
724
726
725
727
728
729
730
731
732
733
734
736
738
735
737
739
740
743
742
741
744
745
746
748
750
747
749
751
752
753
754
755
756
758
757
759
760
761
762
764
763
767
765
766
769
771
768
770
774
773
776
772
775
777
779
778
781
780
782
783
784
787
785
786
788
792
790
789
791
793
794
795
797
796
798
800
799
801
802
803
804
805
807
808
806
809
812
810
811
813
815
814
817
816
818
819
820
821
822
823
824
825
826
827
828
829
831
830
834
832
833
837
835
836
838
839
840
841
842
845
843
844
847
848
849
846
851
852
850
853
855
856
854
859
857
858
860
861
862
864
863
866
865
867
868
870
869
871
872
873
874
875
876
877
878
879
880
882
881
884
883
886
885
887
888
889
890
892
891
893
895
894
896
898
900
897
899
902
901
903
904
905
908
906
907
909
911
910
912
916
913
914
915
917
918
919
921
920
923
922
925
924
928
926
927
929
930
931
933
932
934
936
935
938
939
937
940
942
941
943
945
946
944
948
950
947
949
951
952
954
953
955
956
957
958
959
960
961
962
963
964
965
966
967
968
970
969
971
972
974
975
973
976
977
979
978
981
980
983
982
984
986
985
988
987
990
989
991
992
993
995
994
996
997
998
999
1000
1001
1002
1003
1004
1006
1005
1007
1009
1008
1010
1012
1011
1013
1014
1015
1016
1017
1018
1019
1020
1021
1024
1022
1025
1023
1026
1027
1028
1030
1029
1031
1032
1034
1033
1035
1036
1037
1038
1039
1040
1041
1043
1044
1042
1046
1045
1048
1047
1049
1050
1051
1052
1055
1053
1054
1056
1057
1058
1059
1060
1061
1063
1062
1064
1068
1066
1065
1069
1067
1071
1070
1072
1074
1073
1075
1076
1078
1077
1079
1083
1080
1082
1081
1085
1084
1086
1087
1088
1089
1090
1092
1091
1093
1094
1097
1095
1098
1096
1099
1101
1100
1102
1103
1105
1104
1106
1107
1108
1109
1110
1111
1112
1113
1114
1115
1116
1117
1119
1118
1121
1120
1122
1125
1124
1123
1127
1126
1128
1131
1130
1129
1132
1133
1134
1135
1136
1138
1137
1141
1139
1142
1143
1145
1140
1144
1146
1149
1147
1150
1148
1152
1151
1153
1155
1154
1156
1157
1158
1159
1160
1161
1162
1163
1164
1165
1167
1166
1169
1170
1168
1171
1173
1172
1174
1175
1176
1177
1178
1180
1179
1182
1181
1183
1184
1185
1186
1187
1188
1189
1190
1191
1192
1193
1194
1195
1197
1199
1196
1198
1200
1201
1202
1203
1204
1205
1207
1210
1206
1208
1209
1212
1211
1213
1214
1215
1217
1216
1218
1219
1220
1221
1222
1223
1225
1227
1224
1226
1228
1229
1230
1231
1232
1233
1235
1234
1236
1238
1237
1239
1240
1241
1242
1243
1246
1245
1244
1247
1248
1249
1250
1251
1252
1253
1254
1255
1256
1257
1258
1259
1260
1261
1262
1263
1264
1265
1266
1268
1267
1269
1271
1273
1270
1272
1275
1274
1276
1277
1278
1280
1279
1281
1282
1283
1284
1285
1286
1288
1287
1289
1290
1291
1292
1293
1294
1296
1295
1298
1297
1300
1299
1301
1302
1303
1305
1304
1306
1308
1307
1309
1310
1312
1313
1311
1314
1316
1315
1318
1317
1319
1322
1321
1320
1323
1324
1325
1326
1327
1328
1329
1330
1332
1331
1333
1335
1334
1336
1339
1337
1338
1341
1340
1344
1343
1342
1347
1349
1345
1346
1348
1351
1350
1353
1352
1355
1354
1356
1358
1357
1360
1361
1359
1362
1363
1364
1365
1369
1367
1368
1366
1370
1371
1372
1374
1373
1375
1378
1376
1377
1379
1380
1382
1381
1384
1385
1383
1386
1387
1388
1389
1390
1391
1392
1394
1393
1395
1396
1398
1397
1400
1399
1402
1403
1404
1401
1405
1407
1406
1408
1411
1409
1410
1412
1413
1414
1415
1416
1417
1418
1419
1420
1423
1422
1421
1424
1425
1426
1427
1428
1430
1429
1431
1432
1434
1433
1436
1435
1438
1437
1439
1441
1440
1442
1444
1443
1445
1446
1447
1448
1449
1450
1452
1451
1453
1455
1454
1456
1457
1458
1459
1461
1460
1462
1463
1464
1466
1465
1468
1467
1470
1469
1471
1472
1474
1475
1473
1476
1479
1477
1478
1480
1482
1481
1484
1483
1485
1487
1486
1488
1489
1491
1490
1492
1494
1493
1496
1495
1497
1498
1499
1500
1502
1501
1503
1505
1506
1504
1508
1507
1510
1511
1509
1513
1512
1514
1518
1516
1515
1519
1517
1520
1523
1521
1522
1525
1524
1527
1528
1526
1529
1531
1533
1530
1532
1535
1536
1534
1538
1537
1539
1540
1541
1543
1544
1542
1545
1546
1547
1548
1549
1550
1552
1551
1554
1553
1555
1556
1557
1558
1560
1559
1561
1562
1563
1564
1565
1566
1567
1568
1569
1570
1571
1572
1573
1574
1575
1576
1578
1579
1577
1580
1581
1583
1582
1584
1585
1586
1587
1588
1589
1591
1590
1592
1594
1593
1595
1596
1597
1599
1598
1600
1601
1603
1602
1605
1604
1606
1607
1609
1608
1610
1612
1611
1614
1613
1615
1617
1616
1618
1620
1619
1621
1622
1624
1623
1625
1626
1627
1628
1630
1629
1631
1633
1632
1634
1635
1636
1638
1637
1640
1639
1642
1641
1643
1644
1645
1647
1646
1649
1648
1650
1652
1651
1653
1654
1656
1655
1657
1658
1659
1660
1661
1662
1663
1665
1664
1666
1667
1670
1668
1669
1671
1672
1674
1673
1675
1676
1677
1678
1681
1679
1680
1683
1682
1684
1685
1686
1687
1688
1689
1690
1691
1692
1693
1695
1694
1697
1696
1698
1699
1700
1701
1702
1704
1703
1705
1706
1707
1708
1709
1710
1711
1712
1713
1714
1715
1716
1717
1720
1719
1718
1721
1723
1722
1724
1725
1727
1728
1729
1726
1730
1732
1733
1731
1734
1735
1736
1737
1738
1739
1740
1742
1744
1741
1743
1745
1746
1748
1747
1749
1750
1751
1753
1752
1754
1755
1756
1758
1761
1760
1757
1762
1759
1763
1765
1766
1764
1767
1768
1770
1769
1771
1772
1774
1775
1773
1777
1776
1778
1781
1780
1779
1782
1783
1785
1784
1787
1788
1786
1790
1789
1792
1791
1793
1796
1794
1795
1798
1797
1799
1800
1802
1803
1801
1804
1806
1805
1807
1808
1809
1810
1812
1811
1815
1813
1814
1817
1816
1818
1819
1820
1821
1822
1823
1824
1825
1827
1826
1828
1829
1832
1830
1834
1831
1835
1833
1836
1837
1838
1839
1840
1841
1842
1843
1844
1845
1847
1846
1848
1850
1849
1853
1851
1852
1854
1855
1858
1857
1856
1860
1859
1862
1861
1865
1863
1864
1866
1867
1869
1870
1868
1872
1871
1873
1874
1875
1877
1878
1876
1879
1880
1881
1883
1882
1885
1884
1886
1888
1887
1891
1889
1892
1890
1893
1895
1894
1896
1898
1897
1899
1901
1900
1902
1905
1903
1904
1906
1908
1907
1909
1911
1910
1913
1912
1916
1914
1915
1917
1919
1918
1920
1923
1921
1924
1926
1925
1928
1922
1927
1930
1929
1932
1931
1933
1934
1935
1936
1937
1938
1939
1941
1942
1940
1943
1944
1945
1947
1946
1948
1950
1949
1951
1952
1953
1954
1955
1956
1957
1959
1958
1961
1960
1962
1964
1963
1966
1965
1967
1969
1968
1970
1972
1971
1973
1976
1974
1975
1977
1978
1981
1979
1980
1984
1982
1983
1985
1987
1988
1986
1989
1990
1991
1992
1993
1994
1998
1995
1996
1997
1999
2001
2000
2004
2007
2003
2002
2005
2008
2006
2009
2010
2012
2011
2013
2014
2016
2015
2017
2018
2019
2020
2022
2021
2023
2024
2025
2026
2028
2027
2029
2030
2031
2032
2033
2034
2035
2036
2037
2038
2039
2040
2041
2042
2043
2045
2044
2047
2046
2048
2049
2050
2052
2051
2053
2055
2056
2054
2057
2058
2059
2061
2060
2062
2063
2064
2066
2065
2067
2068
2069
2071
2070
2072
2074
2075
2073
2077
2076
2080
2078
2079
2081
2083
2082
2084
2085
2086
2088
2087
2090
2089
2093
2092
2091
2094
2095
2096
2097
2098
2099
2101
2102
2103
2104
2100
2105
2106
2108
2107
2109
2110
2111
2112
2114
2113
2116
2115
2117
2118
2120
2121
2119
2122
2123
2124
2127
2125
2126
2128
2130
2129
2132
2131
2134
2133
2136
2135
2137
2139
2138
2140
2142
2141
2143
2144
2147
2145
2149
2148
2150
2146
2151
2153
2152
2154
2155
2156
2159
2158
2160
2157
2162
2161
2164
2163
2166
2168
2165
2167
2169
2171
2172
2170
2174
2173
2175
2177
2178
2176
2180
2179
2181
2182
2183
2184
2185
2186
2187
2188
2189
2190
2191
2193
2192
2194
2195
2197
2196
2198
2202
2199
2200
2201
2203
2204
2206
2205
2207
2208
2210
2209
2211
2212
2213
2214
2215
2218
2216
2217
2219
2220
2222
2221
2224
2223
2225
2226
2228
2229
2227
2230
2231
2232
2233
2234
2235
2236
2237
2241
2238
2239
2240
2244
2242
2243
2245
2246
2249
2248
2250
2247
2252
2251
2253
2254
2256
2255
2257
2259
2258
2260
2261
2262
2263
2265
2264
2266
2268
2267
2270
2272
2271
2273
2269
2276
2274
2275
2277
2278
2280
2279
2281
2283
2282
2284
2285
2286
2287
2289
2290
2288
2292
2291
2294
2295
2293
2296
2297
2298
2299
2300
2301
2302
2303
2304
2306
2305
2307
2308
2311
2309
2310
2312
2313
2315
2316
2314
2317
2320
2318
2319
2323
2321
2322
2325
2324
2328
2327
2326
2331
2329
2332
2330
2333
2335
2334
2336
2337
2338
2339
2340
2342
2341
2343
2346
2344
2345
2347
2348
2349
2351
2350
2353
2352
2355
2354
2356
2358
2357
2360
2359
2361
2362
2363
2364
2365
2366
2367
2369
2368
2370
2371
2372
2373
2374
2375
2376
2377
2378
2381
2379
2380
2382
2384
2385
2383
2386
2389
2388
2390
2387
2391
2393
2392
2394
2395
2396
2397
2398
2399
2401
2400
2402
2404
2403
2406
2405
2408
2407
2409
2410
2411
2412
2413
2414
2415
2417
2416
2418
2419
2420
2422
2421
2423
2425
2424
2426
2428
2427
2430
2429
2431
2432
2433
2434
2435
2436
2437
2438
2439
2440
2441
2442
2443
2444
2446
2447
2445
2448
2449
2450
2451
2454
2452
2453
2456
2455
2458
2457
2461
2462
2459
2460
2463
2464
2465
2467
2466
2469
2470
2468
2471
2473
2472
2474
2476
2475
2477
2481
2479
2478
2480
2482
2483
2485
2484
2486
2488
2489
2490
2492
2487
2491
2493
2494
2495
2499
2496
2497
2498
2500
2501
2503
2502
2504
2506
2507
2505
2508
2509
2510
2512
2511
2514
2513
2516
2515
2518
2519
2517
2520
2521
2522
2523
2524
2526
2525
2528
2531
2527
2529
2532
2530
2534
2533
2537
2535
2536
2539
2538
2540
2541
2543
2542
2546
2544
2545
2548
2547
2550
2549
2551
2554
2552
2553
2556
2555
2557
2559
2558
2561
2560
2562
2564
2563
2565
2566
2568
2567
2569
2570
2571
2573
2572
2575
2574
2576
2578
2580
2579
2577
2582
2583
2581
2584
2585
2587
2590
2586
2588
2589
2591
2593
2592
2595
2596
2594
2597
2599
2598
2600
2601
2602
2603
2604
2605
2607
2606
2608
2609
2610
2611
2612
2613
2615
2614
2616
2617
2618
2620
2619
2621
2624
2622
2623
2625
2626
2627
2628
2629
2630
2631
2633
2632
2634
2636
2635
2637
2638
2639
2640
2641
2642
2643
2647
2645
2644
2648
2646
2649
2651
2653
2650
2652
2654
2655
2660
2657
2659
2656
2658
2661
2664
2662
2663
2667
2665
2666
2668
2669
2670
2671
2673
2672
2674
2676
2678
2675
2677
2679
2680
2681
2683
2682
2684
2685
2686
2687
2688
2690
2689
2691
2692
2694
2693
2697
2696
2695
2699
2698
2701
2700
2702
2705
2703
2704
2706
2707
2709
2708
2711
2712
2710
2714
2713
2717
2715
2718
2716
2719
2720
2721
2722
2724
2723
2725
2726
2728
2727
2730
2729
2731
2733
2732
2734
2735
2737
2736
2739
2738
2740
2742
2741
2743
2745
2744
2746
2748
2747
2749
2750
2752
2751
2753
2754
2755
2756
2757
2758
2759
2760
2761
2762
2764
2763
2766
2765
2768
2769
2770
2767
2772
2771
2773
2774
2775
2776
2777
2778
2779
2782
2780
2781
2783
2784
2785
2786
2788
2787
2789
2791
2792
2790
2793
2795
2794
2796
2797
2798
2799
2800
2802
2801
2803
2805
2804
2808
2806
2809
2807
2811
2812
2810
2814
2813
2816
2815
2819
2817
2818
2820
2822
2821
2824
2823
2825
2826
2828
2827
2829
2830
2831
2832
2833
2835
2834
2836
2837
2839
2838
2840
2843
2841
2842
2844
2846
2845
2848
2847
2849
2851
2850
2852
2853
2854
2856
2855
2857
2859
2858
2860
2861
2862
2864
2865
2866
2863
2867
2869
2868
2872
2870
2871
2873
2874
2875
2876
2877
2878
2880
2882
2879
2881
2883
2885
2884
2886
2887
2888
2889
2890
2891
2892
2893
2895
2896
2894
2897
2899
2898
2900
2901
2902
2905
2903
2904
2906
2908
2907
2912
2910
2909
2911
2913
2914
2915
2916
2917
2918
2919
2920
2921
2923
2922
2925
2924
2926
2927
2928
2929
2931
2930
2932
2933
2934
2935
2936
2937
2938
2940
2939
2941
2942
2943
2944
2945
2946
2947
2948
2949
2950
2951
2952
2954
2953
2957
2955
2956
2958
2959
2960
2961
2962
2963
2964
2965
2966
2967
2968
2971
2970
2969
2972
2973
2974
2975
2976
2977
2978
2979
2980
2981
2985
2982
2983
2986
2984
2988
2987
2989
2992
2990
2991
2993
2995
2994
2999
2997
2998
2996
3001
3002
3000
3005
3003
3004
3006
3007
3008
3009
3011
3012
3010
3013
3014
3015
3016
3017
3018
3019
3020
3022
3021
3024
3023
3025
3026
3027
3028
3029
3030
3031
3034
3032
3036
3033
3035
3037
3040
3038
3039
3042
3041
3043
3044
3046
3045
3047
3048
3050
3049
3051
3052
3053
3054
3056
3058
3055
3057
3059
3060
3062
3061
3064
3063
3066
3065
3068
3067
3070
3069
3072
3071
3073
3075
3074
3076
3077
3078
3080
3081
3082
3079
3083
3084
3085
3086
3087
3090
3088
3089
3092
3094
3091
3093
3095
3096
3097
3098
3099
3101
3100
3103
3104
3105
3102
3107
3106
3108
3110
3109
3113
3111
3112
3115
3114
3117
3116
3118
3119
3120
3121
3122
3124
3123
3125
3126
3127
3128
3130
3129
3131
3132
3134
3135
3133
3136
3137
3139
3138
3140
3142
3141
3143
3144
3146
3145
3147
3148
3149
3151
3150
3152
3154
3153
3157
3155
3156
3158
3159
3160
3161
3162
3163
3164
3165
3166
3167
3168
3169
3170
3172
3171
3175
3173
3174
3176
3178
3177
3179
3180
3181
3183
3184
3182
3186
3185
3187
3188
3189
3190
3191
3192
3193
3195
3194
3196
3198
3197
3199
3201
3203
3200
3204
3202
3205
3206
3207
3209
3208
3212
3211
3210
3213
3214
3215
3217
3216
3218
3222
3220
3219
3221
3224
3223
3225
3226
3227
3228
3229
3231
3230
3232
3233
3234
3235
3236
3237
3238
3239
3240
3241
3242
3246
3243
3244
3245
3247
3248
3250
3249
3252
3251
3255
3253
3256
3257
3254
3258
3259
3261
3260
3263
3262
3264
3265
3266
3267
3269
3268
3270
3271
3274
3272
3276
3273
3275
3277
3278
3279
3280
3282
3281
3283
3284
3287
3285
3286
3288
3290
3289
3291
3292
3293
3294
3295
3297
3296
3299
3298
3300
3301
3305
3302
3303
3304
3308
3306
3307
3309
3311
3310
3313
3312
3314
3316
3315
3317
3318
3320
3319
3321
3322
3323
3325
3324
3327
3326
3329
3328
3331
3330
3334
3332
3333
3335
3337
3336
3338
3339
3341
3340
3342
3343
3344
3345
3348
3346
3347
3350
3349
3352
3353
3351
3354
3355
3356
3358
3357
3361
3359
3360
3362
3365
3364
3363
3367
3366
3368
3369
3370
3371
3372
3373
3374
3375
3376
3377
3379
3378
3380
3383
3381
3382
3385
3386
3384
3387
3388
3390
3389
3392
3391
3393
3394
3395
3396
3397
3398
3399
3400
3401
3404
3402
3405
3403
3406
3407
3408
3410
3409
3411
3412
3414
3413
3417
3415
3419
3416
3418
3421
3420
3422
3423
3424
3425
3426
3428
3430
3429
3427
3431
3432
3434
3433
3436
3435
3437
3438
3440
3441
3439
3442
3443
3444
3445
3446
3447
3449
3448
3450
3451
3452
3453
3455
3454
3456
3458
3457
3459
3461
3460
3463
3462
3466
3464
3465
3467
3468
3470
3469
3471
3472
3473
3474
3475
3476
3477
3480
3479
3482
3478
3481
3484
3483
3485
3486
3487
3489
3488
3492
3490
3491
3493
3495
3494
3496
3498
3497
3500
3499
3502
3501
3504
3503
3505
3506
3507
3508
3509
3510
3511
3512
3514
3513
3515
3517
3516
3519
3518
3522
3520
3523
3521
3524
3525
3526
3528
3527
3529
3530
3532
3531
3533
3534
3535
3536
3537
3538
3542
3539
3541
3543
3544
3540
3545
3546
3547
3549
3548
3552
3550
3551
3553
3554
3557
3556
3555
3559
3558
3560
3561
3562
3563
3564
3565
3570
3566
3567
3568
3569
3571
3572
3573
3575
3574
3577
3576
3579
3580
3578
3581
3582
3583
3584
3585
3587
3586
3588
3589
3592
3590
3591
3594
3593
3595
3596
3597
3599
3598
3600
3602
3601
3603
3604
3606
3605
3607
3608
3610
3609
3611
3612
3613
3614
3615
3616
3618
3617
3619
3621
3620
3622
3624
3623
3625
3626
3627
3628
3629
3630
3631
3632
3633
3635
3634
3636
3639
3637
3638
3640
3641
3642
3643
3644
3645
3647
3646
3648
3649
3650
3653
3651
3652
3655
3654
3657
3656
3658
3659
3660
3661
3662
3663
3664
3666
3665
3669
3667
3668
3670
3674
3673
3671
3672
3675
3676
3678
3677
3679
3680
3681
3682
3683
3686
3684
3685
3687
3689
3688
3690
3693
3691
3692
3694
3695
3697
3696
3699
3698
3700
3701
3702
3704
3705
3703
3707
3706
3709
3708
3711
3713
3712
3710
3714
3716
3715
3717
3719
3718
3720
3722
3721
3723
3724
3725
3726
3727
3728
3730
3729
3731
3732
3733
3734
3736
3735
3737
3738
3739
3740
3741
3742
3743
3744
3745
3747
3746
3752
3748
3749
3750
3751
3753
3754
3755
3757
3758
3756
3759
3760
3761
3762
3763
3764
3765
3766
3767
3768
3770
3769
3772
3771
3774
3773
3775
3776
3780
3777
3779
3778
3782
3783
3781
3784
3786
3785
3788
3787
3790
3789
3791
3792
3793
3796
3794
3795
3798
3797
3799
3800
3801
3803
3804
3802
3806
3805
3807
3808
3810
3809
3811
3812
3813
3814
3817
3815
3819
3816
3818
3820
3821
3823
3824
3825
3822
3827
3828
3826
3830
3829
3832
3831
3833
3834
3835
3836
3837
3838
3839
3840
3841
3844
3842
3843
3845
3847
3846
3848
3849
3850
3851
3852
3855
3853
3854
3856
3857
3858
3860
3859
3863
3861
3864
3862
3865
3868
3867
3866
3869
3871
3870
3873
3872
3875
3874
3876
3879
3878
3877
3880
3881
3882
3883
3884
3885
3886
3887
3888
3889
3891
3890
3893
3894
3892
3895
3896
3897
3898
3901
3899
3900
3903
3902
3905
3904
3906
3907
3909
3908
3910
3911
3914
3913
3912
3915
3917
3916
3918
3919
3920
3921
3922
3923
3924
3925
3926
3928
3927
3929
3930
3932
3931
3933
3935
3936
3934
3938
3937
3941
3939
3940
3945
3942
3943
3944
3946
3947
3949
3948
3950
3951
3952
3953
3954
3955
3956
3957
3958
3959
3961
3962
3960
3964
3963
3965
3966
3967
3968
3969
3970
3971
3972
3973
3974
3975
3976
3977
3978
3979
3980
3981
3983
3984
3982
3986
3987
3985
3988
3989
3991
3990
3992
3993
3994
3995
3999
3996
3998
3997
4000
4002
4003
4001
4004
4006
4007
4005
4008
4009
4010
4012
4011
4014
4013
4015
4016
4017
4018
4019
4022
4020
4021
4024
4026
4025
4023
4028
4027
4030
4029
4031
4032
4034
4033
4035
4036
4037
4038
4039
4041
4040
4042
4043
4045
4044
4047
4046
4048
4050
4049
4051
4055
4052
4053
4054
4056
4057
4058
4060
4059
4061
4062
4064
4063
4065
4066
4067
4069
4070
4068
4071
4072
4074
4073
4075
4077
4076
4078
4079
4081
4080
4083
4084
4085
4082
4086
4087
4088
4089
4090
4093
4091
4095
4092
4094
4096
4097
4099
4100
4098
4101
4102
4103
4104
4105
4107
4106
4108
4109
4111
4112
4110
4113
4114
4115
4117
4116
4119
4120
4118
4121
4123
4122
4124
4125
4127
4126
4128
4129
4130
4132
4131
4134
4135
4133
4136
4137
4139
4141
4138
4140
4142
4143
4144
4145
4146
4147
4150
4149
4148
4151
4153
4152
4154
4156
4155
4157
4158
4162
4159
4160
4161
4164
4163
4165
4167
4166
4168
4170
4171
4172
4169
4174
4173
4175
4176
4178
4177
4179
4181
4180
4182
4183
4184
4185
4187
4186
4188
4189
4190
4192
4191
4193
4195
4194
4197
4196
4198
4200
4199
4201
4202
4204
4203
4205
4206
4207
4208
4209
4210
4212
4211
4213
4215
4214
4217
4216
4218
4219
4220
4221
4222
4223
4224
4226
4225
4227
4229
4228
4231
4230
4233
4232
4235
4234
4236
4237
4238
4242
4239
4240
4241
4243
4244
4245
4246
4247
4248
4249
4251
4250
4252
4253
4254
4255
4256
4258
4257
4261
4259
4263
4260
4262
4264
4265
4266
4267
4268
4269
4271
4270
4274
4272
4273
4275
4276
4278
4277
4280
4279
4281
4282
4284
4286
4283
4285
4287
4288
4290
4289
4291
4292
4293
4294
4297
4296
4295
4298
4299
4300
4301
4303
4304
4302
4305
4307
4306
4308
4309
4312
4311
4310
4313
4314
4315
4316
4317
4318
4319
4321
4322
4320
4323
4324
4325
4326
4328
4327
4329
4331
4330
4332
4333
4334
4335
4337
4336
4338
4339
4340
4342
4344
4341
4343
4345
4346
4347
4349
4350
4348
4353
4351
4352
4354
4356
4355
4357
4358
4359
4360
4361
4362
4363
4364
4365
4367
4366
4368
4371
4369
4373
4370
4372
4374
4375
4376
4377
4380
4378
4381
4379
4383
4382
4384
4386
4385
4387
4388
4390
4394
4389
4391
4392
4393
4395
4396
4399
4397
4398
4401
4400
4402
4404
4403
4405
4406
4407
4408
4409
4410
4411
4413
4412
4414
4416
4417
4415
4418
4419
4420
4421
4422
4424
4423
4425
4426
4428
4427
4429
4431
4430
4432
4434
4433
4436
4435
4438
4440
4437
4439
4441
4442
4444
4445
4443
4446
4447
4449
4448
4450
4453
4451
4452
4454
4455
4456
4457
4459
4461
4458
4460
4462
4463
4464
4465
4467
4466
4468
4469
4470
4471
4473
4472
4474
4475
4477
4478
4476
4479
4481
4482
4480
4483
4484
4485
4486
4487
4488
4489
4491
4490
4494
4492
4493
4496
4495
4497
4499
4498
4501
4500
4503
4502
4506
4505
4504
4508
4507
4509
4510
4514
4512
4511
4513
4515
4516
4517
4518
4519
4520
4521
4522
4525
4526
4523
4524
4527
4528
4529
4530
4531
4533
4532
4534
4535
4537
4536
4538
4539
4541
4540
4542
4543
4545
4544
4546
4549
4547
4548
4550
4552
4554
4551
4553
4555
4557
4556
4558
4560
4563
4559
4562
4561
4564
4565
4566
4568
4567
4570
4569
4572
4571
4574
4573
4575
4578
4576
4577
4579
4581
4583
4580
4582
4584
4585
4587
4586
4589
4588
4591
4590
4592
4593
4595
4594
4596
4597
4599
4598
4600
4601
4603
4605
4602
4606
4604
4607
4608
4609
4610
4612
4611
4613
4615
4614
4617
4616
4618
4619
4620
4621
4622
4623
4627
4625
4624
4626
4628
4630
4629
4631
4633
4632
4634
4635
4637
4636
4639
4638
4640
4641
4643
4642
4645
4646
4648
4647
4644
4651
4649
4650
4653
4652
4656
4654
4657
4658
4655
4659
4660
4662
4661
4663
4664
4665
4666
4667
4668
4670
4669
4671
4672
4673
4674
4676
4675
4677
4678
4679
4681
4680
4683
4682
4684
4685
4687
4688
4686
4689
4691
4690
4692
4693
4694
4695
4696
4697
4698
4699
4700
4703
4701
4702
4704
4706
4705
4707
4708
4709
4711
4710
4712
4713
4714
4716
4715
4717
4719
4718
4720
4721
4723
4724
4722
4725
4727
4726
4728
4729
4731
4733
4730
4734
4732
4735
4736
4737
4738
4739
4740
4741
4742
4744
4743
4745
4746
4747
4748
4749
4750
4751
4752
4753
4754
4755
4756
4757
4758
4759
4761
4760
4762
4764
4763
4765
4766
4768
4767
4769
4770
4772
4773
4771
4774
4775
4777
4776
4778
4780
4779
4781
4783
4782
4785
4784
4786
4788
4787
4789
4790
4791
4792
4794
4793
4795
4797
4796
4801
4799
4798
4803
4800
4802
4804
4805
4806
4807
4808
4809
4810
4811
4812
4815
4813
4814
4817
4816
4818
4819
4821
4820
4823
4822
4825
4824
4827
4826
4829
4828
4830
4833
4831
4832
4834
4835
4836
4838
4837
4840
4839
4842
4841
4843
4844
4846
4845
4847
4849
4848
4850
4851
4852
4853
4855
4854
4856
4857
4858
4859
4860
4862
4861
4863
4865
4864
4867
4866
4868
4869
4871
4870
4872
4873
4874
4876
4875
4878
4877
4882
4879
4880
4881
4884
4885
4886
4883
4888
4887
4889
4891
4890
4894
4892
4895
4893
4896
4897
4898
4899
4900
4901
4902
4903
4905
4904
4906
4907
4908
4910
4911
4909
4913
4912
4914
4915
4916
4918
4919
4917
4920
4921
4922
4923
4924
4926
4925
4927
4928
4929
4930
4932
4931
4934
4937
4933
4938
4935
4939
4936
4940
4941
4943
4942
4944
4945
4946
4949
4947
4948
4951
4950
4953
4952
4955
4954
4957
4956
4959
4958
4961
4960
4962
4963
4964
4965
4966
4967
4969
4968
4970
4971
4972
4973
4974
4975
4976
4977
4978
4980
4982
4981
4979
4983
4984
4985
4986
4988
4989
4987
4991
4990
4992
4993
4995
4996
4994
4997
5000
4998
4999
5001
5002
5004
5005
5003
5006
5007
5008
5009
5012
5013
5010
5011
5017
5015
5014
5016
5018
5019
5020
5021
5024
5022
5023
5026
5025
5028
5027
5029
5031
5030
5033
5032
5034
5035
5037
5036
5039
5041
5038
5040
5042
5043
5045
5046
5044
5047
5048
5049
5050
5053
5051
5052
5055
5056
5054
5057
5058
5059
5060
5062
5061
5063
5064
5065
5067
5066
5068
5070
5069
5071
5073
5075
5072
5074
5079
5076
5077
5080
5078
5081
5082
5084
5083
5085
5086
5087
5089
5088
5090
5091
5092
5093
5094
5095
5096
5097
5101
5098
5099
5100
5102
5104
5103
5105
5107
5106
5109
5108
5111
5112
5110
5114
5113
5115
5116
5117
5118
5120
5121
5119
5122
5123
5124
5125
5126
5127
5129
5128
5130
5132
5135
5131
5134
5137
5133
5136
5138
5139
5140
5141
5143
5142
5144
5146
5145
5147
5148
5149
5151
5150
5153
5154
5152
5155
5156
5157
5158
5159
5160
5161
5163
5162
5166
5164
5165
5167
5168
5169
5172
5171
5170
5173
5174
5175
5176
5178
5177
5180
5179
5182
5181
5184
5185
5183
5187
5186
5188
5189
5191
5192
5190
5194
5193
5195
5196
5198
5197
5199
5201
5200
5203
5202
5204
5205
5206
5207
5208
5210
5209
5211
5212
5214
5213
5216
5215
5217
5219
5220
5218
5221
5223
5222
5224
5227
5225
5226
5228
5230
5229
5232
5231
5235
5233
5234
5237
5236
5238
5240
5239
5241
5244
5242
5245
5243
5246
5248
5249
5247
5251
5250
5253
5252
5255
5254
5256
5258
5257
5260
5259
5261
5262
5263
5265
5264
5267
5266
5268
5271
5269
5270
5272
5273
5274
5275
5276
5278
5279
5277
5280
5282
5281
5284
5283
5285
5286
5287
5288
5289
5290
5291
5292
5293
5294
5295
5297
5298
5299
5300
5296
5301
5302
5304
5303
5305
5307
5308
5306
5309
5310
5312
5311
5313
5314
5315
5316
5317
5318
5319
5320
5321
5322
5323
5324
5325
5326
5327
5328
5330
5329
5331
5333
5332
5334
5335
5336
5338
5337
5340
5339
5341
5342
5344
5343
5346
5345
5347
5348
5349
5350
5351
5352
5353
5354
5355
5356
5358
5359
5357
5360
5361
5364
5362
5363
5366
5365
5367
5368
5369
5370
5373
5371
5374
5372
5375
5377
5376
5379
5380
5378
5381
5384
5383
5382
5385
5386
5388
5387
5389
5391
5390
5394
5392
5393
5396
5395
5397
5398
5399
5400
5401
5404
5402
5405
5403
5406
5407
5408
5409
5410
5412
5411
5413
5414
5415
5416
5417
5418
5420
5421
5419
5422
5423
5424
5426
5425
5428
5429
5427
5430
5431
5432
5433
5434
5436
5435
5437
5438
5439
5440
5442
5441
5443
5445
5446
5444
5447
5448
5449
5450
5451
5453
5452
5454
5456
5457
5455
5458
5459
5460
5462
5463
5461
5465
5464
5466
5468
5467
5469
5471
5473
5470
5472
5474
5475
5476
5477
5478
5479
5480
5481
5482
5483
5484
5486
5485
5487
5488
5491
5489
5490
5492
5493
5494
5496
5497
5495
5498
5499
5500
5501
5503
5502
5504
5507
5506
5505
5509
5508
5513
5510
5512
5511
5514
5515
5516
5518
5517
5519
5521
5520
5522
5523
5525
5524
5526
5528
5529
5527
5530
5531
5532
5533
5534
5535
5536
5537
5538
5539
5540
5541
5542
5543
5545
5544
5546
5547
5548
5549
5550
5551
5554
5552
5553
5555
5556
5558
5557
5559
5560
5561
5562
5563
5564
5565
5566
5567
5569
5568
5570
5571
5574
5572
5573
5575
5576
5577
5578
5582
5579
5580
5581
5583
5584
5585
5586
5588
5587
5590
5591
5589
5592
5593
5594
5596
5595
5598
5597
5599
5600
5601
5604
5602
5603
5607
5605
5606
5608
5609
5611
5613
5610
5612
5614
5616
5615
5617
5618
5619
5621
5620
5622
5623
5624
5625
5627
5626
5628
5629
5631
5630
5633
5632
5636
5634
5635
5638
5639
5637
5641
5640
5644
5642
5643
5645
5647
5646
5648
5651
5649
5652
5650
5653
5654
5656
5655
5657
5658
5659
5661
5660
5662
5663
5664
5666
5669
5665
5667
5668
5670
5671
5672
5675
5673
5674
5677
5676
5679
5678
5680
5681
5682
5684
5683
5685
5686
5687
5688
5689
5690
5691
5692
5694
5695
5693
5696
5697
5699
5698
5700
5701
5702
5705
5704
5703
5707
5706
5708
5709
5710
5712
5711
5713
5715
5714
5716
5718
5720
5717
5719
5721
5722
5723
5725
5727
5724
5728
5726
5730
5729
5731
5732
5733
5736
5734
5737
5735
5738
5739
5741
5740
5742
5743
5744
5745
5747
5746
5751
5748
5749
5750
5752
5753
5754
5755
5757
5756
5758
5759
5760
5761
5762
5763
5764
5765
5766
5767
5768
5769
5772
5770
5773
5771
5774
5776
5775
5778
5777
5779
5781
5780
5782
5783
5784
5786
5785
5787
5788
5789
5790
5792
5791
5794
5795
5793
5797
5796
5798
5799
5801
5800
5803
5802
5805
5804
5806
5807
5808
5809
5810
5812
5811
5815
5813
5814
5816
5818
5817
5819
5820
5821
5822
5823
5824
5825
5826
5828
5827
5830
5829
5831
5833
5832
5834
5835
5837
5836
5839
5838
5841
5840
5843
5842
5845
5846
5844
5848
5847
5849
5851
5850
5852
5853
5854
5855
5857
5856
5858
5859
5860
5861
5862
5863
5864
5865
5866
5867
5868
5869
5870
5871
5872
5874
5873
5875
5877
5876
5878
5879
5881
5880
5883
5882
5884
5885
5886
5887
5888
5890
5889
5892
5891
5893
5894
5895
5897
5896
5898
5899
5900
5903
5901
5902
5904
5905
5906
5908
5907
5909
5911
5910
5912
5913
5915
5914
5917
5916
5919
5918
5921
5920
5925
5922
5923
5924
5926
5928
5927
5930
5931
5934
5929
5932
5933
5936
5935
5937
5938
5939
5940
5941
5942
5945
5943
5944
5947
5946
5948
5949
5950
5952
5953
5954
5951
5955
5956
5958
5957
5960
5959
5961
5962
5963
5965
5966
5964
5967
5968
5969
5970
5971
5972
5974
5973
5975
5976
5977
5978
5979
5980
5982
5981
5985
5983
5986
5984
5987
5988
5990
5989
5991
5992
5993
5994
5995
5996
5997
5999
5998
6000
6003
6004
6001
6002
6007
6005
6006
6008
6009
6010
6011
6013
6012
6016
6014
6015
6018
6017
6019
6021
6020
6022
6023
6024
6025
6026
6027
6028
6030
6029
6031
6032
6033
6034
6036
6035
6038
6039
6037
6041
6040
6042
6044
6043
6046
6045
6047
6048
6050
6049
6052
6051
6054
6053
6055
6057
6056
6058
6059
6060
6061
6062
6063
6064
6065
6066
6070
6067
6068
6071
6069
6072
6073
6074
6075
6076
6078
6077
6079
6081
6080
6084
6082
6083
6085
6086
6088
6087
6090
6089
6092
6091
6093
6094
6095
6096
6097
6099
6098
6101
6100
6102
6103
6104
6105
6107
6106
6108
6109
6110
6112
6113
6111
6114
6115
6116
6118
6117
6121
6120
6119
6122
6123
6124
6125
6126
6128
6127
6130
6129
6132
6131
6134
6135
6133
6137
6136
6138
6139
6140
6142
6141
6143
6144
6145
6146
6148
6149
6147
6150
6152
6153
6151
6154
6155
6157
6156
6158
6159
6160
6161
6163
6162
6164
6166
6168
6165
6167
6169
6170
6171
6172
6173
6174
6176
6175
6177
6178
6179
6180
6182
6181
6183
6185
6186
6184
6188
6187
6189
6191
6190
6193
6192
6194
6195
6196
6197
6199
6198
6201
6202
6200
6203
6204
6205
6208
6206
6207
6209
6211
6210
6212
6213
6215
6214
6216
6217
6219
6218
6220
6221
6222
6223
6224
6225
6226
6228
6227
6230
6233
6229
6231
6232
6235
6236
6238
6234
6237
6239
6240
6242
6243
6241
6244
6246
6245
6249
6247
6248
6251
6250
6253
6254
6252
6256
6255
6258
6257
6260
6259
6261
6262
6264
6263
6266
6265
6268
6269
6267
6270
6271
6272
6274
6276
6275
6273
6277
6278
6279
6280
6282
6281
6283
6285
6284
6288
6287
6286
6289
6290
6291
6292
6293
6294
6295
6296
6298
6297
6299
6300
6303
6301
6302
6304
6308
6305
6306
6309
6307
6310
6311
6312
6313
6314
6315
6317
6316
6318
6319
6322
6321
6320
6324
6323
6327
6325
6328
6326
6329
6330
6333
6331
6332
6334
6336
6335
6338
6337
6339
6340
6341
6342
6343
6345
6344
6348
6346
6347
6349
6351
6352
6350
6354
6353
6355
6356
6357
6358
6361
6360
6359
6362
6363
6365
6364
6366
6368
6367
6369
6370
6371
6372
6374
6373
6376
6375
6377
6378
6379
6381
6380
6382
6383
6386
6384
6385
6387
6388
6389
6390
6391
6393
6394
6392
6396
6395
6397
6398
6399
6400
6402
6401
6404
6403
6405
6408
6406
6407
6412
6409
6410
6411
6413
6415
6414
6416
6418
6417
6422
6419
6420
6421
6424
6423
6425
6426
6429
6427
6430
6428
6431
6433
6432
6435
6434
6436
6438
6437
6439
6440
6441
6442
6443
6444
6445
6446
6447
6448
6449
6451
6452
6450
6455
6453
6454
6456
6457
6458
6460
6459
6461
6464
6463
6462
6465
6466
6467
6469
6468
6471
6470
6472
6473
6474
6477
6475
6476
6478
6480
6479
6481
6482
6484
6483
6485
6486
6488
6487
6490
6489
6492
6493
6494
6491
6495
6496
6497
6498
6500
6501
6499
6502
6504
6503
6508
6505
6506
6509
6507
6510
6511
6512
6513
6514
6515
6518
6516
6517
6519
6520
6521
6522
6523
6525
6527
6524
6526
6529
6528
6530
6532
6531
6533
6535
6534
6537
6536
6538
6539
6540
6541
6542
6543
6546
6545
6544
6548
6549
6547
6550
6551
6552
6553
6555
6554
6557
6556
6558
6559
6561
6563
6560
6562
6564
6565
6566
6567
6569
6568
6570
6571
6572
6573
6574
6575
6576
6579
6577
6578
6580
6581
6583
6584
6582
6586
6585
6587
6588
6589
6590
6591
6593
6592
6594
6597
6595
6596
6598
6599
6601
6600
6602
6603
6604
6606
6607
6608
6605
6611
6609
6610
6614
6612
6615
6613
6616
6618
6617
6621
6619
6620
6622
6624
6623
6625
6626
6627
6629
6628
6630
6631
6632
6634
6633
6636
6637
6635
6638
6639
6640
6641
6642
6643
6644
6645
6646
6647
6650
6651
6648
6649
6655
6653
6652
6654
6656
6657
6658
6659
6661
6663
6660
6662
6664
6665
6666
6668
6667
6670
6671
6669
6672
6673
6674
6676
6675
6679
6678
6677
6681
6680
6683
6682
6685
6684
6686
6687
6689
6688
6691
6690
6692
6693
6695
6694
6696
6698
6697
6700
6701
6699
6702
6703
6707
6704
6705
6706
6708
6709
6711
6712
6710
6714
6713
6715
6716
6717
6719
6718
6720
6721
6722
6723
6724
6725
6726
6727
6728
6729
6730
6731
6733
6734
6732
6735
6737
6736
6738
6739
6740
6742
6741
6743
6746
6744
6747
6745
6748
6749
6753
6750
6752
6751
6754
6755
6758
6759
6756
6757
6760
6761
6762
6763
6764
6765
6766
6767
6768
6769
6770
6771
6772
6773
6774
6775
6776
6777
6779
6780
6778
6783
6781
6782
6784
6785
6786
6787
6790
6788
6789
6792
6791
6793
6794
6795
6796
6797
6798
6799
6801
6802
6800
6803
6804
6805
6806
6808
6807
6809
6812
6810
6811
6814
6813
6816
6815
6817
6820
6818
6819
6821
6822
6823
6825
6824
6826
6827
6828
6829
6832
6830
6831
6833
6836
6835
6834
6837
6838
6839
6840
6841
6842
6843
6844
6846
6845
6847
6849
6848
6850
6852
6851
6853
6855
6854
6856
6857
6858
6859
6860
6861
6862
6863
6864
6865
6866
6867
6869
6868
6871
6870
6872
6874
6873
6875
6878
6876
6877
6879
6880
6881
6882
6883
6884
6885
6886
6887
6891
6888
6890
6889
6892
6893
6894
6899
6895
6896
6897
6898
6902
6901
6900
6904
6903
6905
6906
6907
6908
6909
6910
6912
6911
6914
6913
6915
6916
6918
6917
6920
6919
6922
6921
6924
6923
6925
6926
6927
6929
6928
6930
6932
6931
6934
6933
6937
6935
6936
6939
6941
6938
6940
6943
6945
6942
6944
6946
6947
6949
6948
6950
6951
6952
6953
6954
6957
6955
6956
6958
6959
6960
6962
6961
6963
6964
6966
6967
6965
6969
6968
6970
6971
6972
6973
6974
6975
6976
6977
6978
6979
6980
6981
6982
6984
6983
6985
6986
6987
6988
6989
6992
6990
6991
6993
6995
6994
6997
6996
6999
6998
7000
126970
80669
139345
149626
110157
14820
112354
106586
106193
53048
55789
98228
18812
61335
55005
44020
8579
22859
155077
42740
35040
99627
75605
49580
15998
99026
110784
122826
69541
145348
111308
46715
35977
150693
136088
33090
70094
76921
85981
159292
62076
63441
86905
110600
81769
79760
169391
129370
120708
77868
66056
82181
91680
123869
143241
96032
143388
86541
155823
157590
107173
132228
162737
66015
83197
31552
51769
31646
111765
88687
40776
156704
105290
81610
140243
133676
152989
135551
127635
97962
26818
121509
36447
24852
144733
50778
146634
90070
74054
112467
42696
151792
105849
66852
45465
160364
149763
129895
141723
76655
96337
44583
140338
74410
138139
149381
151638
49590
102350
147375
72504
77744
164449
124052
128001
69382
12346
131970
157254
90810
34067
42285
110176
125548
89792
54864
102475
43141
20238
123454
136971
154141
105872
67627
143636
149714
95172
126656
58872
120063
81011
168665
49104
149412
167456
69701
60769
14497
112526
133165
15261
122792
99431
98362
20292
88964
46932
62683
161810
119366
48021
168630
131354
129337
51552
49085
155483
24106
61311
37956
106613
88465
33464
81297
9616
29088
44380
138368
103436
138065
74145
26059
97145
53759
163895
31269
44853
169368
53090
37836
146379
93519
49263
38955
26264
102193
64872
119369
104006
93315
45023
159106
146876
120568
129989
75374
30467
12137
128918
23373
9171
68272
50003
120797
160080
8160
159017
50132
43145
77276
95709
14679
10244
163529
112260
127259
111019
19403
45765
127194
54972
123965
14978
12432
15636
161951
150001
55616
105580
158109
18023
46684
105337
59373
21528
142302
19826
64330
153648
37202
43212
139573
96919
102665
50993
48434
45608
116014
133522
92083
21269
160474
93262
43320
44333
21749
136188
143619
34344
20464
159413
50249
162631
159658
94259
13583
51546
28909
32987
114111
28045
108256
28617
157065
65289
111709
163150
9684
155585
115672
13830
86945
166915
49030
138788
97150
98633
41895
18082
152641
22070
138537
99733
63297
32908
61932
128290
143828
163176
113593
131355
94444
162048
37599
88673
35874
102298
33648
109216
114290
45877
35694
14256
108908
117632
116677
73576
139232
69061
127525
27152
92818
161730
157275
69920
132211
100548
14510
99931
137507
23887
102658
165183
54609
10235
108790
117254
102491
26698
24427
7583
160351
89928
93682
42518
59802
22793
69629
39041
135167
68137
55490
85304
163054
112595
103802
169279
23752
85613
15176
28099
14233
20192
54149
88588
167275
117929
55108
42412
58557
145398
7208
169426
53012
80805
142794
70237
17558
50646
32110
124265
123415
142667
60348
106930
149751
24495
19317
136579
26514
112297
32308
50343
25476
64785
18874
55342
63364
86034
99802
113903
29830
110112
91204
155858
53374
169253
53072
98454
161651
45889
109311
143289
60284
118178
123067
62729
18095
63821
79947
125592
100108
130783
20830
50846
159041
99496
68761
73109
139081
92614
70760
31419
161035
124530
30678
14689
58393
99495
148948
103788
75015
118879
136240
28251
59266
31600
65516
159401
44230
158678
51240
53346
140278
78832
144442
36223
112420
52621
153403
110664
66382
138279
38578
107692
47604
159610
13017
129193
76604
110663
43036
41725
33257
109017
100998
46195
87252
13308
102821
126668
168302
23819
19294
87400
25005
136984
148054
110222
7738
150938
44656
149570
95365
136919
147588
125671
148559
9354
131049
129283
46012
119648
8736
107105
133016
168330
32882
64676
59586
31024
120146
47361
108708
140085
121499
35562
15371
31276
144490
39073
148482
73116
67211
71190
132496
102906
73034
136944
9950
159534
42962
98804
61512
139904
40873
150321
86683
84942
121556
81535
99266
35692
31303
67885
100575
155952
37721
33632
160324
63611
142097
47259
126623
166012
113083
73503
129244
103936
30672
92993
105699
133767
138622
111393
8318
112083
95213
13828
129986
108330
37327
88628
128427
118206
141554
25374
168921
13706
159351
33348
18322
105077
136071
99625
124106
7804
84816
33034
163588
137959
19457
58788
124711
157351
53330
147605
161975
35082
132757
68162
98211
168348
136397
114096
75994
46110
32808
63519
39663
130509
31338
102840
69477
74669
97635
145121
168571
44762
28405
35731
82369
31677
39007
11716
80933
43224
70800
130210
142222
142623
74615
8683
166337
30931
125326
31842
56283
154774
16712
166394
109688
167097
73630
161454
129225
87818
133825
120653
78095
142214
84769
34889
49324
36791
44092
163355
57394
168387
123712
51784
142760
126989
77283
67977
148105
148308
16117
51855
77278
142520
49844
155343
148895
145708
47474
70191
112010
114298
160721
62874
69513
47851
74702
127323
95750
85478
54704
110320
99816
159530
37968
27159
88734
12328
122973
146926
9637
149203
40817
37350
104276
48708
20870
84428
118821
29639
41339
105137
67891
112242
62610
36150
126225
128989
9482
7778
45267
49667
153556
140729
123373
78675
14045
151287
21247
22007
68116
76035
94214
79862
19919
130780
110022
68120
133451
138004
104710
46820
67428
149899
52314
98169
138239
100237
85800
9056
90210
76675
45601
158842
136763
12563
12931
132883
26619
149040
70048
29820
61448
143488
21932
53070
78390
32572
14041
48421
34472
23171
154731
169309
22428
164161
132761
110507
107256
61243
81357
39719
92501
44257
116840
17762
123432
90808
21610
150492
118751
127192
30500
162191
61030
25492
17038
105657
160901
52944
124160
18100
68523
70469
122974
18303
14821
71380
84980
54194
133469
24024
27638
11083
35429
153187
125078
9584
137998
153106
102824
47883
64660
113963
52349
115442
120453
92379
93008
105123
12507
76992
120447
162632
106973
98096
11652
28657
102027
130537
131892
78668
90949
72851
107198
22445
51668
14670
110693
116151
168423
129011
161015
143422
54923
97457
134178
161658
81880
50510
70576
132083
8581
134512
76998
65046
41398
21548
102723
138094
85646
56043
159998
89287
7543
70314
60160
56955
59828
27814
18646
13198
164507
134100
53158
87363
122297
50292
45930
50629
66007
131754
74337
96888
165662
9422
80507
23766
109879
19170
7808
158633
99044
20743
83743
101824
61195
127500
92444
17756
46920
97977
32444
66027
131330
27410
131515
91998
63034
118179
62785
100149
130303
48544
60383
113564
112559
106576
60300
74293
88479
54112
154423
50531
52660
21086
28184
123380
40302
27478
127695
13590
58132
78564
55780
60335
86447
145263
158051
69002
61583
87968
26067
94683
126821
91190
27082
66542
60269
111899
16125
26390
150856
23118
167356
169449
102242
62019
134979
14608
57416
81042
60241
145002
74628
99199
166078
155080
161973
19965
111868
29835
133603
132344
95099
130247
32057
165781
166217
122513
55547
111749
92908
161551
25976
71069
75583
153217
20970
53926
38962
146809
31447
49824
71479
29633
126861
89123
153823
13127
36758
168668
166426
77589
21939
17492
95680
148525
66391
89750
118590
145533
141584
39371
40174
61436
100831
95635
103853
82617
161609
57894
120486
140021
162146
115754
84045
169897
110500
80897
79351
115138
42653
161537
44480
24531
148326
97829
79977
156997
122001
40154
90551
105125
161638
149299
50732
13301
120362
66316
97779
37357
97360
166043
127359
29579
137172
129623
95631
62186
15914
122524
101032
10117
134551
82162
167002
161477
67863
90466
16022
52098
10557
153340
8345
112679
97048
77767
96437
162243
12201
87642
71711
134328
43418
81873
80323
43059
81595
99318
166657
49449
25056
47575
141961
81837
164543
50914
7626
37023
45952
40437
93413
122634
157103
156951
131446
26959
162621
165292
44119
113980
58509
86544
43529
160400
45012
72916
26518
154342
77111
108842
7041
11655
33270
132980
156859
111963
17532
128408
68223
99155
35341
159100
124523
140033
12639
158454
112528
7930
137539
56817
134555
99445
83386
44526
19690
135280
19342
125915
19739
153892
78916
55514
98756
142108
161949
51137
143060
96791
76751
47946
135644
160025
80891
71042
44734
36266
71348
80665
124596
70676
116301
56065
25739
100895
71017
157640
77771
14940
69958
111843
76601
135594
145581
140838
163049
98750
96705
38402
96968
92780
108316
167997
154947
106643
65503
159185
126052
24004
167218
107442
38407
39384
50109
139617
130540
143137
119331
48538
147887
138647
139311
90951
94529
83496
128028
100590
89631
132996
98876
99140
148866
126793
128919
126156
168299
162057
133516
7222
147008
145448
83941
40082
25447
153260
145783
94598
127214
162489
121801
163261
135004
57564
87835
164529
39031
12351
157313
130511
64285
41187
121698
84036
157070
113391
134559
96772
129058
72020
58785
113899
150184
148063
164928
39790
102916
72202
52073
156061
144156
129557
76507
167079
19675
140757
45238
78313
116573
80280
150806
118406
90377
121923
121181
140535
115784
42828
137418
120612
54808
65257
27919
154321
120306
142944
122971
68015
55779
93190
99076
54406
78255
100098
33358
155348
96253
59848
28596
143626
88979
155591
85565
145596
142249
47203
129466
14223
10806
43762
169555
87409
92856
30086
152971
152400
157073
76597
57320
58210
69054
131663
35207
45116
118127
112325
19231
62205
167394
130750
102748
122726
29157
38067
12365
8047
76401
13623
84964
42357
155582
132003
61142
142435
9266
70733
84337
91072
139283
72151
134445
124956
121039
121483
19961
55774
125750
114226
126536
81328
63172
70794
115397
145093
166760
9813
152132
142689
131050
152652
158943
66506
14822
22493
84988
99771
56442
95109
118586
21693
46180
83852
168038
93751
134038
124573
118267
108236
97654
9455
133795
138816
113871
130861
66172
153557
151532
61177
18851
23277
92543
55443
165881
11827
49350
58013
63104
102547
100129
19194
114629
65017
39449
123446
64145
66374
10315
118841
117578
81888
53600
85198
122123
116352
29864
151124
91770
35710
74522
8825
125549
59837
106339
91779
52647
101349
142304
81960
125001
152562
123129
8237
41488
50997
117313
31485
165713
9051
139834
104823
90537
136769
10221
130482
56133
125171
85216
91466
17140
81571
130971
133303
69009
25160
138752
169015
23150
30266
148528
79336
31615
92592
51164
9512
67215
79963
138686
43506
32448
164924
50210
55444
40002
83150
68602
157890
45484
166149
109561
37125
165229
56037
120412
29907
127243
47486
87236
71057
76862
130523
80576
38554
44125
147228
12501
151908
55220
132673
137122
15995
52629
10654
115164
38902
15258
128322
114595
109073
156915
10223
24557
45825
29460
143310
79354
103503
69637
37775
117320
87947
31068
104562
104572
144054
113450
88168
118682
45894
147901
166241
99575
67775
113172
57074
64632
37130
109253
128840
84379
147117
14745
19628
145841
9958
116706
133106
30837
138693
69871
29812
104332
148440
163982
123120
139125
158104
78509
113333
75973
22617
131839
56950
12482
52089
8610
86512
131327
90530
163098
69631
10694
24304
89060
142580
64111
17319
162023
111134
130608
82685
36069
34815
29749
169281
18052
111263
21636
61491
167477
32122
83620
88518
118117
136672
112338
9021
112093
87051
58118
112234
71619
129121
24149
117135
79100
66908
24319
153141
107792
94885
31416
30917
125494
14017
103127
36037
21042
8677
7046
153504
161624
91863
71385
139713
54324
129377
97686
98842
83312
91218
83260
24192
7111
64562
114322
64356
12730
78531
163774
36828
138428
148412
99233
20278
105304
54394
46161
164230
86084
97304
78227
102062
30550
33484
44050
168471
99185
53065
102734
99949
119259
168602
29897
164889
110358
113853
11373
82848
58100
17643
58258
94111
126376
30054
51261
154477
61528
52808
80024
156442
169737
98437
165455
151803
152500
115392
159623
41094
119398
30950
38931
59334
25013
98652
116794
54382
36987
94204
108223
8324
81327
33750
65176
73740
40268
121669
108088
45367
142216
12634
137840
127258
117741
143680
95847
29636
40587
37049
23801
110901
115976
16295
31614
114394
83048
163649
21287
126742
111739
83349
144784
123028
84057
22932
12603
58459
16873
51041
45198
32067
83097
125614
50720
21920
113625
123645
162263
40958
123337
155353
21126
31432
19967
58170
57695
61414
157294
32320
153906
109355
73492
38940
65113
102548
127868
103461
81557
60780
82663
107910
145033
62556
107947
133641
29476
67934
122728
55885
41870
78449
39167
79689
8226
129532
145105
58797
108627
42403
34694
135276
16596
128737
119701
27872
83981
117675
130707
54037
157604
107768
142134
33568
84309
138491
83432
138697
133219
58312
102048
25549
156999
164481
126676
156082
90684
21638
149686
133032
50001
65542
97419
145916
128094
93654
91977
131990
104517
103303
168386
54861
14303
125289
93507
86259
87575
53460
110465
45061
125274
72929
144401
127949
142469
103516
8598
9491
79226
101974
151203
101071
10152
119663
132438
158213
23671
117958
21579
47213
67640
83526
60781
165138
81301
70326
26154
61309
88949
58439
75415
62789
66858
169905
8133
52110
132835
24098
122564
105040
125813
91644
43205
23317
49486
78758
129140
143202
99449
19820
167292
151730
21803
29547
151540
91505
133721
25193
25275
154899
142953
41791
140516
126108
154209
18032
145400
25985
142642
51136
115608
136705
31781
37268
62086
83788
155512
58749
114866
160090
144648
146503
37699
114952
17281
106754
119033
111242
66607
11860
136386
19323
26012
166473
83853
152107
114321
51060
156356
161018
24166
63941
71210
117473
8880
32490
160404
98449
28487
143492
114599
59913
61873
66458
62143
167907
165511
74201
152782
129497
133006
65269
167035
159877
30618
49738
121491
111920
116258
63064
109218
104454
114301
163547
47601
156424
33699
10987
156787
46599
54432
69042
47988
18578
168654
161663
65528
152156
23825
116341
158601
27852
124045
38857
110951
163025
109511
68855
103038
39644
151931
83831
41085
164849
156432
83857
109553
150993
109667
157266
113940
37074
145178
20341
121878
70159
77569
24628
116557
164351
135586
21530
41812
73891
137853
23534
9119
166279
62327
128311
86844
83220
143176
147454
122290
47787
133910
58078
65054
149947
40360
153939
62435
88219
115272
15756
33420
22095
68363
42978
74276
100139
110414
89834
60834
86871
166637
42415
60523
124688
45520
35258
146719
163393
28538
121545
20000
24703
101549
165383
51279
68452
66411
68780
157267
135183
38357
53045
33975
41309
141296
81048
71169
44426
22997
153280
131647
83307
7231
10050
119610
125883
43767
131052
59958
144995
74265
56272
165595
9301
45109
160794
157214
130041
54159
118618
36184
53715
37198
7527
137750
140851
104266
34181
113311
87364
135253
93300
54943
130032
24818
119768
55925
152003
150919
17472
58662
24936
29573
121049
97462
120972
39786
65546
121962
62256
154805
120125
41395
74018
90259
110215
161540
135679
68644
43500
72199
55090
62189
122071
110046
7927
165421
103067
138511
34237
67275
109672
72973
13076
35743
7189
15653
140602
115179
111677
101666
23000
65844
121665
24578
159679
78770
151698
108801
12117
97383
70864
74587
163517
112214
101778
149803
61196
149720
81262
20072
49296
83133
22382
30579
11184
74453
44847
22564
143365
57515
77249
73738
67227
160081
35539
103997
104665
148934
141748
77473
157893
73610
8557
65666
11550
16137
99508
17468
132018
79936
40643
98654
97672
49632
164727
47773
97138
19345
129839
23826
15477
159309
56860
81462
56809
120801
81369
167618
98912
127047
54148
115113
70724
48173
103927
116243
83283
51941
18053
73792
52998
83372
44312
59551
106704
99443
159142
108003
126931
51249
86874
121037
7534
147103
71536
106569
61078
27588
100159
21151
100324
68541
148830
142140
64311
62096
157542
112164
69448
22355
98177
118070
102720
57970
55175
99405
105143
30686
145707
76545
157376
158809
23474
68893
116655
92865
113017
168106
9673
167314
51472
104365
76793
55516
82668
98099
78840
18410
26711
168875
55688
58781
112267
86892
123925
15279
36348
84956
100376
25099
168798
84786
117835
79241
23896
106380
44242
98834
110743
129867
72068
41934
12583
34354
17292
77476
46687
64999
94321
59437
153042
139316
129939
11483
95210
165975
118693
119906
55813
133604
57761
159522
114270
93806
10779
108447
105539
39553
101727
21482
76674
57072
107373
78419
15019
98124
152459
49724
129390
90345
70950
134764
52664
150980
38792
114100
125609
55376
102695
123525
126447
75337
137595
92220
111792
111725
48965
36880
12561
32976
54777
72997
95344
32052
79726
11955
105001
24844
20101
47250
96970
96949
66059
68222
21277
81128
140607
85206
65043
19276
12223
11144
154632
71426
45993
56220
141120
140554
151266
21696
127066
99607
15537
26759
130315
38602
92308
91913
165901
115163
124423
27644
162842
31332
130076
55887
100719
63952
167313
127865
150763
159069
31310
142004
12786
136871
56213
140590
20139
65069
12139
130847
37207
140697
105074
53666
45466
9163
154199
59030
73377
73238
50205
140044
54320
62011
57362
53413
127473
136696
93869
117744
102228
132013
122677
163493
98008
135063
83463
167119
26778
50554
154137
86628
87932
101561
28393
40923
139324
66184
103836
135174
43795
82308
89567
136554
20611
81726
164978
23415
102452
147738
109631
74961
17510
145483
113048
54261
135207
24579
128031
143763
50691
150857
88611
70004
111319
85945
54095
102212
66746
76286
109026
150578
127885
85850
158947
107914
35191
142338
51326
151929
112889
10186
117636
13563
32366
14525
115930
19018
130557
68924
16116
116595
37947
99827
33670
74234
28938
82846
166109
146223
157891
34361
62795
152874
36332
21200
146806
167311
39258
123828
99424
115705
111858
138725
157556
72732
47099
92568
108383
44748
45404
89882
18184
53478
120089
74745
116033
37073
45174
144190
39638
41918
11914
106396
131059
144549
156178
121362
114402
137558
33432
26633
131189
102225
91394
50221
48646
122313
67229
81689
9609
31129
71332
120722
44986
140359
78689
84828
19557
19624
13807
76151
161444
167181
154264
157051
18809
149493
53899
49172
104999
145748
14797
110234
10772
106202
30276
133103
30309
115616
42682
61962
142451
154614
159291
117194
155665
113300
78475
115563
147374
37678
10652
11063
9936
58838
101160
37012
29238
78820
91252
101967
117160
53392
64947
36335
42531
27627
43091
118011
97561
62461
134346
87546
126519
13261
9998
10691
92641
120978
164434
133615
131184
145482
71565
18039
54514
90692
142269
77763
145711
82006
159168
115922
143980
28381
146341
66326
19955
167548
52527
43341
20502
48168
164796
144466
99022
103943
49010
115957
130705
169432
90216
102622
161842
131293
159715
158559
44557
84050
155492
15161
156144
24494
111283
159808
46350
115006
9177
153379
46446
143111
160544
98704
48537
15613
126752
106226
65213
68867
71770
15999
113362
84055
34497
138350
148464
107423
106824
71516
47356
129932
53146
164273
88885
31109
71054
136408
146385
88212
16485
56506
50299
154883
42603
141383
71643
27157
154753
65778
54485
153063
65519
35071
112652
117099
79986
41914
132695
44274
101940
15812
116599
116511
138775
160143
59667
117197
168978
55170
24650
148563
76284
47894
107553
16096
44370
80499
16678
107056
109947
55341
153676
100508
121304
168154
136994
14946
43345
62938
168188
121503
86471
39526
152301
13899
98243
128718
90819
113511
155161
37231
36860
34110
32410
98012
30528
69208
147484
115600
93478
39657
94985
156265
26376
79647
125924
117812
50154
91791
16299
110646
17983
101017
136525
151197
154447
24815
37762
110202
110449
167312
118170
74977
162099
54597
123837
159112
154716
13215
157618
82659
73721
89226
16187
39114
79819
37904
86454
143506
161670
85759
55440
131122
8720
15604
39106
135120
164714
66047
32261
107434
58762
164149
8765
8590
122577
59433
167030
22901
134620
127724
70172
63284
97263
149678
16289
17399
33563
73793
123548
40054
120433
71142
152286
38075
160519
99133
37929
50898
107344
132489
68784
38724
116204
36750
151753
116122
148809
39729
110674
108340
61982
108756
118503
67385
29322
38970
49380
9425
117175
126460
22452
80571
120983
119011
20917
154845
74878
157936
10386
50687
124710
102646
168274
31259
13428
54170
42891
18483
169887
71636
158647
132129
45107
37851
70134
10817
49384
52728
67411
39009
51358
84362
40340
38642
99043
86423
72158
112368
51871
78254
116178
124227
155197
99847
