2
4
3
6
1
5
7
8
11
9
10
12
13
14
15
17
16
18
20
19
21
23
22
24
26
27
25
28
29
31
32
30
33
35
37
34
36
38
39
41
44
40
42
43
45
47
46
49
48
50
51
52
53
55
54
57
56
59
58
60
61
63
62
65
64
66
69
67
70
68
71
72
74
73
76
75
77
78
79
80
81
82
83
84
85
86
87
88
90
89
92
91
93
94
95
96
98
99
97
100
101
102
103
104
105
106
108
107
110
109
111
112
113
115
114
116
117
119
118
120
121
122
124
123
125
127
126
128
129
131
130
133
132
135
134
136
137
138
139
142
140
143
141
144
147
146
145
149
148
150
151
152
154
153
155
156
158
157
159
161
162
160
163
165
164
166
167
168
169
170
171
172
173
174
176
175
177
178
179
180
182
181
183
184
185
186
188
187
189
191
190
193
192
194
197
195
196
198
199
201
200
203
202
204
205
206
207
208
210
209
211
212
214
213
215
216
217
218
220
221
219
224
222
225
223
227
226
228
229
231
230
233
234
236
232
235
238
237
239
240
241
244
243
242
245
246
247
248
250
249
251
252
254
253
255
256
257
258
259
260
261
262
263
265
264
266
267
268
272
269
270
274
273
271
276
277
275
278
279
281
283
280
282
284
285
286
287
288
289
291
290
294
293
292
295
296
298
297
299
300
301
302
303
304
305
307
306
308
309
310
311
312
313
315
314
317
316
318
319
321
320
322
324
326
323
325
327
329
328
330
332
333
331
334
335
336
337
338
340
339
341
342
343
346
344
347
345
348
349
350
351
352
355
354
353
358
356
357
359
361
360
363
364
362
365
367
366
368
370
369
371
372
374
373
375
376
379
377
378
381
380
382
383
384
385
386
388
387
389
390
391
395
393
392
394
396
397
398
399
400
401
402
403
404
407
408
405
406
410
411
409
413
412
414
415
417
416
418
419
421
420
422
423
424
425
426
427
429
428
430
432
431
433
434
435
436
437
438
439
440
442
441
445
443
444
446
449
447
452
448
451
453
450
454
456
455
457
459
460
458
463
462
461
464
465
466
467
469
468
470
471
472
473
474
475
476
477
479
478
480
481
482
484
483
486
485
487
489
488
491
492
490
493
495
494
496
497
498
500
499
501
502
503
504
506
505
507
509
510
508
511
512
514
513
515
517
516
518
521
519
520
522
523
525
526
524
528
527
530
529
531
533
532
534
535
536
538
539
537
542
540
543
541
544
545
546
547
548
550
549
551
552
553
556
555
554
558
557
560
559
561
563
562
565
564
566
567
568
569
570
573
572
571
575
574
576
577
579
580
578
582
581
584
583
585
586
587
588
589
590
591
593
592
594
595
596
599
598
597
600
601
602
604
603
605
606
608
607
610
609
611
612
613
614
616
615
617
619
618
621
620
623
622
625
624
626
628
627
629
630
631
632
633
635
634
637
636
638
639
641
640
642
644
643
646
645
647
648
649
650
652
651
653
654
655
656
657
659
658
661
660
662
665
663
664
666
667
668
669
670
671
674
672
673
675
676
677
678
679
681
680
683
682
685
684
687
686
688
689
690
692
691
693
694
695
696
697
698
699
700
701
702
704
703
705
706
709
707
708
710
713
714
711
712
716
715
717
718
719
720
721
723
722
724
725
726
727
728
730
729
732
731
734
733
735
737
736
739
738
740
741
744
743
742
746
745
747
749
750
751
752
748
753
755
754
756
757
758
759
760
761
762
763
764
766
765
768
767
770
769
772
771
773
774
775
776
778
779
777
781
782
780
783
784
786
785
787
789
791
788
792
790
793
794
795
796
797
798
799
800
802
803
801
804
805
806
807
809
808
810
811
813
812
816
814
818
815
817
819
820
821
822
823
824
825
826
827
828
829
830
831
832
833
835
836
834
837
839
838
840
841
844
842
843
845
846
847
848
849
850
851
854
852
853
855
856
857
858
859
860
861
862
863
866
864
865
868
867
869
870
872
871
873
874
875
876
877
879
878
880
881
882
883
884
885
886
889
887
888
890
893
891
892
894
895
897
896
899
898
900
902
901
903
905
904
906
907
909
910
908
911
912
913
914
916
915
917
918
919
920
921
922
924
923
925
926
927
929
928
930
931
932
934
933
936
935
938
937
939
940
941
942
943
944
945
946
947
948
949
950
952
951
953
954
957
955
960
956
958
959
961
962
963
965
966
964
968
967
969
970
972
973
971
974
975
976
977
981
979
978
980
985
982
984
983
986
987
988
989
991
990
992
993
994
995
996
997
999
998
1000
1001
1002
1006
1003
1004
1005
1008
1007
1009
1012
1010
1011
1014
1013
1015
1016
1018
1017
1019
1020
1021
1023
1022
1024
1025
1027
1026
1028
1030
1029
1031
1033
1032
1034
1035
1036
1037
1038
1040
1042
1039
1041
1044
1043
1045
1046
1047
1048
1049
1051
1050
1052
1053
1054
1056
1055
1058
1057
1059
1060
1061
1062
1063
1064
1065
1067
1066
1068
1069
1071
1070
1072
1074
1073
1075
1076
1077
1078
1079
1080
1083
1081
1082
1086
1085
1084
1088
1087
1089
1090
1091
1092
1094
1096
1093
1095
1097
1098
1102
1099
1100
1101
1103
1106
1105
1104
1107
1108
1110
1109
1112
1111
1114
1113
1115
1116
1117
1118
1119
1120
1121
1122
1123
1125
1126
1124
1129
1130
1127
1131
1128
1132
1134
1133
1135
1136
1137
1140
1138
1139
1141
1142
1143
1144
1146
1148
1147
1145
1149
1150
1151
1152
1153
1154
1156
1157
1155
1159
1158
1161
1160
1163
1164
1162
1165
1166
1167
1168
1169
1170
1171
1173
1175
1172
1174
1176
1179
1177
1178
1180
1181
1183
1182
1184
1185
1186
1189
1187
1188
1190
1191
1193
1192
1195
1194
1196
1197
1198
1200
1199
1201
1203
1202
1204
1206
1205
1207
1211
1208
1209
1210
1212
1213
1214
1219
1215
1216
1217
1218
1220
1223
1221
1222
1224
1226
1225
1228
1227
1229
1231
1232
1230
1233
1234
1235
1238
1236
1237
1239
1240
1241
1242
1244
1243
1245
1247
1246
1248
1249
1250
1252
1251
1253
1254
1255
1256
1258
1257
1260
1259
1261
1263
1262
1264
1265
1267
1266
1269
1268
1270
1272
1271
1273
1274
1275
1276
1277
1278
1280
1282
1279
1283
1281
1284
1285
1286
1289
1287
1288
1291
1290
1294
1292
1293
1295
1298
1296
1297
1299
1301
1300
1303
1304
1302
1307
1305
1306
1308
1309
1310
1313
1311
1312
1315
1314
1317
1316
1318
1319
1320
1321
1322
1324
1323
1325
1327
1326
1329
1328
1330
1331
1332
1334
1333
1336
1335
1338
1337
1340
1339
1341
1343
1342
1344
1345
1346
1347
1348
1350
1349
1351
1352
1354
1353
1355
1356
1359
1357
1358
1360
1361
1362
1363
1364
1368
1365
1367
1366
1369
1370
1371
1373
1374
1376
1372
1375
1377
1378
1380
1379
1382
1381
1383
1384
1385
1387
1386
1388
1389
1390
1391
1392
1395
1393
1394
1396
1397
1401
1398
1400
1399
1404
1402
1403
1406
1405
1408
1407
1410
1411
1412
1409
1413
1414
1415
1419
1416
1417
1418
1420
1422
1421
1423
1425
1424
1427
1426
1429
1431
1428
1430
1433
1432
1434
1435
1437
1436
1439
1438
1441
1440
1442
1443
1444
1446
1447
1445
1449
1448
1450
1451
1452
1453
1454
1455
1456
1457
1458
1459
1461
1460
1462
1463
1464
1465
1466
1467
1468
1469
1470
1471
1473
1472
1474
1476
1475
1478
1477
1479
1480
1484
1482
1481
1487
1483
1485
1486
1488
1492
1489
1490
1491
1493
1494
1495
1496
1497
1499
1501
1498
1500
1504
1502
1503
1506
1505
1507
1508
1509
1511
1510
1512
1514
1513
1515
1516
1517
1518
1521
1519
1520
1522
1523
1524
1527
1525
1528
1526
1529
1531
1532
1530
1534
1533
1535
1536
1538
1537
1540
1539
1541
1542
1543
1545
1544
1546
1547
1548
1549
1553
1550
1551
1554
1552
1555
1556
1557
1560
1558
1561
1559
1562
1563
1564
1565
1566
1567
1568
1569
1570
1571
1574
1573
1572
1576
1575
1577
1578
1579
1581
1582
1584
1580
1583
1585
1586
1588
1587
1590
1591
1589
1592
1593
1594
1596
1595
1597
1598
1600
1602
1599
1601
1603
1604
1607
1605
1606
1608
1610
1609
1611
1612
1614
1613
1615
1617
1616
1619
1618
1620
1621
1622
1623
1624
1625
1627
1626
1629
1628
1630
1631
1633
1632
1634
1636
1635
1639
1638
1637
1641
1640
1642
1646
1643
1644
1647
1645
1650
1648
1649
1651
1654
1652
1653
1655
1657
1656
1658
1659
1660
1664
1661
1662
1663
1667
1665
1666
1668
1669
1670
1671
1672
1673
1674
1675
1676
1677
1680
1678
1681
1679
1682
1685
1683
1684
1686
1687
1690
1688
1689
1691
1692
1693
1694
1695
1696
1698
1697
1699
1700
1701
1703
1702
1704
1705
1706
1708
1707
1709
1710
1714
1712
1711
1715
1713
1716
1717
1718
1720
1719
1721
1722
1723
1724
1725
1726
1727
1729
1730
1728
1731
1732
1733
1736
1735
1734
1738
1737
1740
1739
1743
1741
1742
1745
1744
1746
1747
1748
1751
1749
1752
1750
1755
1753
1754
1756
1758
1757
1759
1760
1761
1763
1762
1764
1766
1767
1768
1765
1769
1770
1771
1772
1773
1774
1776
1775
1777
1778
1780
1779
1782
1781
1783
1784
1786
1785
1787
1788
1790
1792
1789
1791
1793
1794
1796
1797
1795
1798
1799
1801
1802
1800
1804
1803
1805
1807
1806
1808
1812
1809
1810
1811
1813
1814
1815
1816
1817
1818
1819
1820
1821
1823
1825
1824
1822
1826
1827
1828
1829
1831
1830
1833
1832
1834
1835
1836
1837
1838
1841
1839
1840
1843
1842
1845
1844
1846
1847
1848
1849
1851
1850
1852
1854
1855
1853
1856
1858
1857
1860
1859
1861
1862
1863
1864
1866
1865
1867
1868
1870
1869
1873
1871
1872
1874
1875
1877
1876
1881
1878
1879
1880
1882
1883
1884
1888
1885
1886
1887
1890
1889
1892
1891
1893
1894
1895
1896
1897
1899
1898
1900
1901
1903
1904
1902
1905
1906
1907
1908
1909
1911
1910
1912
1915
1914
1916
1913
1918
1917
1919
1920
1922
1921
1923
1924
1927
1925
1928
1926
1930
1929
1931
1932
1934
1933
1935
1936
1937
1938
1940
1941
1939
1944
1942
1943
1945
1946
1947
1948
1949
1951
1950
1952
1953
1954
1955
1957
1958
1956
1959
1960
1962
1961
1963
1964
1965
1967
1966
1968
1969
1970
1973
1974
1972
1971
1976
1975
1978
1977
1980
1981
1979
1982
1984
1983
1985
1987
1986
1988
1990
1989
1991
1992
1993
1994
1995
1996
1997
1998
1999
2000
2001
2002
2003
2006
2004
2005
2007
2008
2010
2009
2011
2013
2012
2016
2014
2015
2017
2019
2018
2020
2023
2021
2025
2022
2024
2026
2027
2029
2028
2030
2031
2032
2035
2033
2034
2036
2038
2041
2037
2039
2040
2042
2043
2044
2046
2045
2049
2047
2048
2050
2051
2053
2052
2054
2055
2056
2057
2059
2058
2060
2063
2061
2062
2065
2064
2066
2067
2069
2068
2070
2072
2071
2073
2074
2075
2076
2077
2078
2079
2080
2081
2083
2082
2084
2085
2086
2087
2088
2090
2091
2089
2092
2093
2094
2095
2096
2097
2098
2100
2099
2101
2104
2102
2103
2106
2105
2108
2107
2110
2111
2109
2112
2113
2116
2115
2114
2117
2118
2119
2120
2121
2122
2123
2125
2126
2124
2127
2129
2128
2130
2131
2133
2132
2135
2134
2136
2138
2139
2137
2141
2140
2143
2144
2142
2145
2147
2148
2146
2149
2150
2151
2153
2152
2154
2155
2156
2157
2158
2159
2160
2161
2163
2164
2162
2165
2166
2167
2170
2168
2172
2169
2171
2174
2173
2175
2176
2178
2177
2179
2181
2182
2180
2183
2184
2185
2186
2188
2187
2189
2190
2191
2193
2194
2192
2195
2196
2198
2197
2199
2200
2201
2203
2202
2204
2206
2205
2207
2208
2209
2211
2210
2213
2212
2214
2215
2216
2218
2217
2220
2219
2223
2221
2222
2224
2226
2225
2228
2227
2229
2232
2230
2231
2233
2234
2236
2235
2237
2239
2238
2241
2240
2242
2245
2244
2243
2246
2248
2249
2247
2250
2251
2252
2254
2253
2256
2255
2257
2259
2262
2258
2260
2264
2261
2263
2265
2266
2267
2268
2270
2269
2271
2272
2275
2274
2273
2276
2277
2278
2279
2280
2282
2281
2283
2284
2286
2285
2287
2289
2288
2290
2291
2293
2292
2295
2294
2296
2298
2299
2297
2301
2300
2303
2304
2302
2305
2306
2307
2308
2309
2310
2311
2312
2313
2314
2317
2315
2316
2318
2319
2320
2322
2321
2323
2324
2325
2327
2326
2328
2329
2330
2332
2331
2333
2334
2337
2336
2335
2339
2341
2338
2340
2342
2344
2343
2345
2346
2348
2347
2350
2349
2351
2352
2353
2354
2355
2356
2357
2359
2361
2358
2360
2362
2363
2365
2366
2364
2367
2368
2370
2371
2369
2372
2373
2374
2375
2376
2378
2377
2379
2380
2381
2382
2383
2384
2386
2385
2387
2388
2389
2390
2392
2391
2394
2393
2396
2395
2399
2397
2398
2400
2402
2401
2403
2404
2405
2406
2407
2408
2409
2411
2410
2412
2413
2415
2414
2416
2418
2417
2419
2422
2420
2421
2423
2424
2425
2428
2426
2427
2429
2430
2431
2432
2433
2435
2434
2436
2438
2437
2440
2439
2441
2443
2442
2444
2445
2448
2446
2447
2449
2450
2452
2451
2455
2453
2456
2454
2457
2459
2458
2461
2460
2463
2462
2464
2466
2465
2468
2470
2467
2469
2471
2472
2473
2474
2475
2476
2477
2478
2480
2479
2481
2483
2485
2482
2484
2486
2487
2488
2490
2489
2492
2491
2493
2494
2495
2497
2496
2498
2499
2500
2503
2501
2502
2504
2506
2507
2505
2509
2508
2511
2510
2512
2513
2516
2514
2518
2515
2517
2519
2520
2524
2523
2521
2522
2525
2527
2526
2528
2530
2529
2531
2533
2532
2535
2536
2534
2538
2537
2539
2541
2542
2540
2545
2544
2543
2547
2546
2548
2549
2551
2550
2552
2553
2557
2554
2555
2556
2558
2559
2560
2561
2563
2562
2565
2564
2566
2567
2569
2568
2570
2571
2573
2572
2574
2575
2576
2577
2579
2578
2580
2581
2582
2583
2584
2585
2587
2586
2588
2590
2589
2591
2592
2593
2594
2595
2597
2596
2599
2598
2601
2600
2602
2603
2604
2605
2606
2608
2609
2607
2610
2612
2611
2613
2615
2614
2616
2617
2618
2619
2620
2621
2622
2624
2623
2626
2625
2627
2629
2628
2630
2631
2632
2635
2633
2636
2634
2637
2638
2642
2639
2640
2641
2643
2645
2644
2646
2647
2648
2649
2650
2651
2653
2652
2655
2656
2654
2658
2657
2659
2660
2661
2662
2663
2664
2666
2665
2668
2667
2671
2669
2674
2672
2670
2673
2676
2675
2677
2678
2680
2679
2681
2682
2683
2684
2685
2686
2687
2690
2688
2689
2691
2692
2694
2695
2693
2696
2697
2698
2699
2700
2701
2702
2704
2705
2703
2707
2706
2708
2709
2714
2710
2711
2712
2713
2715
2716
2717
2719
2720
2721
2718
2722
2724
2723
2725
2726
2727
2728
2729
2730
2733
2731
2732
2734
2735
2736
2737
2738
2740
2741
2739
2742
2743
2744
2745
2746
2747
2748
2749
2750
2751
2752
2753
2755
2756
2754
2757
2758
2760
2759
2762
2761
2763
2764
2765
2769
2766
2767
2768
2770
2772
2771
2774
2776
2773
2775
2777
2780
2778
2779
2781
2782
2783
2784
2786
2785
2787
2788
2790
2789
2791
2793
2792
2794
2795
2796
2798
2797
2799
2801
2800
2802
2805
2803
2804
2807
2806
2809
2811
2808
2810
2812
2814
2813
2815
2818
2817
2816
2819
2821
2820
2822
2825
2823
2824
2826
2827
2828
2829
2830
2831
2834
2832
2833
2835
2837
2836
2838
2841
2839
2840
2843
2842
2845
2844
2846
2847
2848
2851
2849
2850
2852
2853
2855
2854
2857
2858
2856
2859
2862
2860
2861
2863
2864
2865
2866
2867
2869
2868
2870
2871
2872
2874
2873
2876
2875
2877
2878
2880
2879
2881
2885
2882
2884
2883
2887
2888
2886
2889
2891
2890
2892
2893
2894
2895
2897
2896
2898
2900
2899
2901
2903
2902
2904
2905
2906
2907
2910
2908
2909
2912
2911
2914
2915
2913
2916
2917
2919
2918
2920
2922
2921
2923
2924
2925
2926
2927
2928
2929
2930
2931
2932
2933
2934
2936
2937
2935
2938
2941
2939
2940
2943
2942
2944
2946
2947
2945
2948
2950
2949
2951
2952
2953
2954
2956
2955
2957
2958
2960
2959
2961
2962
2963
2964
2965
2966
2969
2967
2968
2970
2972
2971
2973
2974
2975
2977
2976
2978
2979
2980
2983
2981
2986
2982
2984
2985
2987
2989
2988
2990
2991
2992
2993
2995
2994
2998
2996
3000
2997
2999
107332
14360
69127
94593
30688
63255
128176
60872
76168
67797
71035
33256
11563
64517
123586
69964
103749
116179
9352
28534
112338
49538
65274
14057
121765
36042
75565
68150
66885
119295
114900
107019
61293
28258
51854
124886
128549
67348
89115
79278
49343
92527
109774
79561
30806
118876
27807
101021
24300
127462
121340
78397
49268
28185
75312
91628
39374
26804
38029
11832
28358
45066
112320
51996
64928
57078
50590
51189
19227
106176
21569
29918
41372
33945
22074
76454
12239
14964
97856
127942
18714
71027
71957
123924
63672
31981
51376
45633
53101
87352
125467
26533
32541
41909
114128
75630
64899
27626
118657
20263
31889
30089
127874
75510
90894
58320
84162
108364
34155
38927
47890
98325
84131
9687
59102
86460
92688
14118
117624
113828
110818
68026
87974
91644
49749
56121
120987
84216
26931
72323
68212
66030
89949
103266
49887
57139
30762
55169
20372
96049
123019
89821
87290
31627
52113
7210
100913
42485
91675
103496
111938
93824
100934
99024
29562
41133
102430
85089
126521
121969
20474
33069
100515
53609
110658
102115
113276
39676
109743
72308
48418
88606
120014
83718
121229
114757
93973
119618
17970
20490
3279
30401
88424
101027
117885
71291
38368
40993
88089
46812
6321
45560
23533
27424
89391
6169
63787
102167
27097
129279
105286
66696
108206
112186
9114
100257
8575
47810
108832
3976
43747
103770
104184
14803
23374
8348
122391
49019
90257
117558
25392
70705
51918
80161
81121
52742
95644
9756
9723
33769
84410
108465
8439
105077
35513
4823
109251
32109
116160
35395
55808
60263
15963
9519
101896
60325
70218
119891
61417
85763
92084
117810
16219
88616
46009
18510
68071
125785
64722
42835
15167
104870
17919
33598
20219
91050
79763
39878
5142
57089
68468
26464
92409
55237
57524
36854
11809
110140
125211
76646
63609
121424
39336
122167
16399
38520
23850
125838
115469
54074
65310
118574
129897
17915
36053
28310
23460
67326
19047
31434
37859
50973
63828
25278
126051
46038
112604
39141
94930
57084
61626
84950
113199
85737
125054
14347
97564
92024
32692
95621
21930
56560
92262
111356
12552
21139
18912
85415
47700
110555
55732
121322
3281
29955
12169
72607
34613
67122
20030
50784
25503
102432
106937
57823
45895
38256
125024
121386
90957
107622
20787
34993
103897
58269
30001
85195
4176
60866
88497
98581
55765
104973
117060
113973
39683
34399
48367
25850
48399
100010
69163
26996
98871
86774
79083
33392
33105
77733
83414
118684
108710
4345
97443
113833
123883
48987
109588
22046
88761
58141
59869
74320
80338
59849
64355
93026
87664
91931
9901
42389
73884
69883
101815
121278
70995
67633
20406
35702
66270
114865
116457
79679
73050
10170
32765
53040
96135
63235
109310
48690
106960
46227
100799
109755
35718
28891
72806
124062
35241
36498
109751
38825
9743
111343
3965
24062
69396
21075
59842
48200
57699
111461
5296
28675
34877
91605
18880
65379
111779
23752
57013
98900
17878
82743
13773
80145
117276
34961
6768
64965
88139
100566
34200
54272
48430
11358
19362
20550
127416
16413
8855
116411
61886
74144
44829
99467
28152
74699
33442
125750
63725
3531
37791
95401
87690
35365
47452
62197
127734
87476
87523
66096
42748
43021
36958
123886
102555
110024
35368
3594
115528
91566
21230
64724
21290
58088
107025
88922
114260
111301
49505
107915
109324
61726
23199
24794
124619
61685
87711
121179
48799
80845
49418
92038
73215
69433
124742
47991
129769
119575
30425
108468
56258
27821
95415
48458
69064
95920
44489
87817
49148
119917
56980
108592
59450
61146
40003
75787
97405
113037
20070
65136
35958
124944
55148
73831
41599
77790
118116
97509
88934
38268
90792
58775
116039
37450
105312
8124
76351
126004
32534
11541
11337
50061
33667
59016
55974
40023
4290
123821
79008
18248
26536
107967
18845
61084
123922
41497
79107
29742
109713
66867
117933
56707
39573
56165
76028
124468
57383
3328
94936
119350
98447
79917
45705
47562
61766
13344
49751
68612
34125
72999
104237
116734
72108
109287
6492
41919
94073
42075
23671
92591
61574
70453
27829
74489
84629
66921
37929
24089
5514
47577
52823
23894
43683
44526
47433
8121
95794
22744
19849
111085
65578
56399
92597
33274
90051
108822
125872
96585
63816
72091
47390
80105
75499
93462
28516
26281
7838
17667
117288
13531
49203
30702
29406
58985
82157
121756
88903
6558
125559
39518
105821
93504
119623
34508
84486
100047
78181
123225
15957
25778
113178
32332
8182
35779
102359
77995
31633
52751
87350
106351
6042
57354
60415
112164
106262
85347
64246
81680
93067
80285
24990
111826
29957
83317
58016
38411
101040
67933
59132
63579
129234
65420
79968
31261
52520
105388
4896
3606
128706
110014
11531
4105
62309
105413
109590
118432
16074
101566
97144
28700
83872
106274
81123
58223
7018
17576
119381
103514
17004
76832
85731
69541
71589
10204
6502
5104
48993
35086
84594
37650
17443
30154
68987
88628
13292
10046
15057
78920
96743
121297
68388
125009
100445
75759
25009
49733
26790
34665
38342
22441
70497
128726
56349
111337
65410
10037
22381
51490
108656
28075
122847
44778
70694
127641
89401
94329
115637
18683
74898
68386
10201
16948
65293
48590
45616
14682
128533
59581
44952
112211
83151
6815
101728
110883
19513
7229
108482
31956
115169
99719
89741
27385
63784
51294
56472
73530
64519
120072
50571
117091
97638
14851
110116
108125
20448
118619
29336
26176
122442
109372
53013
12963
106171
82404
44812
37587
64021
22860
81588
49556
46959
96468
118555
95556
17411
79925
83628
85549
3358
107000
55034
97143
50077
43903
66332
95131
114319
10598
52621
100991
10311
22235
70358
42091
100113
97826
61786
117767
30639
120040
63549
97696
24403
21879
123419
86439
121283
81839
42620
103228
40767
16460
61837
110508
6391
64553
34171
28839
88803
60237
108089
101659
121655
49643
19700
96610
70758
53320
6426
7427
33331
12772
103231
8317
44260
98954
47580
118053
83109
107504
112747
53167
10861
87702
81285
27445
88926
11455
108437
93832
4294
46298
120904
117383
24415
77663
61305
70470
95676
124599
125660
43802
89761
35975
117738
17253
64181
66779
26555
74129
95616
56010
61332
101263
124361
106409
51259
20130
37285
29397
105435
82858
107475
92294
18692
125829
79202
120227
10056
119017
87415
108617
4812
16765
39881
43515
96609
96858
30297
51430
68053
76742
129501
22634
118817
51036
85785
88644
103774
122608
9150
98126
53022
31003
93692
67120
27575
48886
75313
78589
8959
91571
91387
4424
8406
77917
111295
110754
47620
71080
53697
103768
58954
77137
19901
43087
64391
40980
119416
17015
6898
80257
105169
75221
97825
44348
14815
102962
29725
98237
110365
78800
63815
121205
110059
58439
83998
51096
87805
61105
7380
92938
93634
47725
59585
29605
75485
15051
110534
53399
3718
19283
76150
79546
125551
37258
13157
14054
116012
24998
125863
75258
90237
95306
8933
32775
15285
43387
101681
10674
85580
93301
115345
72528
18613
97064
7523
42173
3163
62023
4630
53784
72034
68218
29820
55094
128881
118019
47596
31076
31809
70828
103066
52072
84635
88166
55888
31448
92353
24014
92660
62722
39802
22950
12172
65283
69759
47153
5301
89684
54584
75255
102779
41174
11518
9646
44240
31015
30099
4173
84863
60275
115106
110800
66250
83882
36516
78266
43227
3296
75566
3497
24028
38276
69954
125080
87910
16569
38279
28414
71930
5644
63872
56245
3722
19566
47696
54877
20830
27010
59488
91113
76614
100924
110300
32423
3257
98708
103845
105824
103323
48304
66004
117415
93537
91827
70402
127004
114938
56986
74607
42424
63632
33520
11826
124922
69404
109511
11646
66434
100021
75355
28395
58963
110207
85417
100719
59712
125111
110097
127843
53841
93271
97346
35452
96237
11816
47579
67725
34754
35834
46852
44932
52719
125659
84214
121712
95836
58247
87611
8167
87050
49189
114476
48352
46063
70450
124388
40445
6987
32140
41384
87506
3021
53017
91455
40127
17884
8718
61311
22383
104895
125568
50248
127721
102267
110620
60668
3684
115871
10060
124898
97658
15836
9879
110727
19245
70525
115053
6080
34842
129567
108632
19210
75870
31708
124408
83878
116679
90339
127867
13756
22321
114390
5033
16222
66453
57889
35849
71410
77112
66349
79368
72641
122541
58924
94291
13436
82643
33140
123952
12325
14918
104578
122903
63324
77391
128059
20811
27701
8318
32416
90734
37210
59921
112576
5108
23862
112328
101184
113624
108833
128027
90213
116121
46125
27558
61054
65396
117376
76018
26797
66106
49329
115638
128865
55109
49005
92612
92809
84471
121981
35504
64629
95340
102288
81891
106158
55702
98522
91272
51751
67869
50993
104953
85430
103243
104910
97711
87558
82308
53957
34849
119945
126927
89358
127500
95113
123589
13911
55500
11108
13453
42290
7848
50322
121207
21299
72998
8173
22493
127669
62212
95417
17400
126069
117532
35594
118195
105472
110119
81521
91850
25418
45084
32279
49524
17326
23324
77984
126160
68341
13048
46381
95972
14527
50961
20835
129682
59427
3943
100694
38427
49125
96590
58869
74901
45871
100195
66613
9989
101490
3291
43195
104766
120462
120664
117159
16712
21984
41961
42818
72129
29401
84277
76011
31977
5403
96988
35942
36583
99454
7800
9932
14996
20567
54169
26944
61856
8814
125784
62003
25209
91161
26207
32318
39268
67492
44964
108096
109617
52902
66937
94676
109321
47583
15229
55295
16663
8169
74313
96118
55401
30835
8442
31893
37316
80564
101541
69525
82667
32353
7736
126315
51983
102230
67038
86100
31818
103437
121928
5582
109326
54961
116293
26816
28636
79529
88113
97266
117647
37526
112872
69172
102321
10944
28469
118523
92758
39834
82845
78771
8002
65456
81725
108402
116301
80849
58338
108411
21376
72248
80437
46600
56395
124868
49568
34768
117384
86160
117048
80865
90106
53883
78378
59847
43871
23026
66021
63572
76144
48967
31050
61356
76079
59663
19847
91484
62721
77521
84544
37531
110960
61740
44277
11127
7502
62466
21269
63888
28894
118718
79739
96059
71844
119564
14743
40244
69410
24835
78873
106598
46894
64588
47016
125116
53441
120521
80219
43273
102916
80710
83587
44852
119121
39279
81909
55992
89611
76383
126363
55022
4571
6968
16176
111883
80751
25073
87825
87240
39242
28991
61954
84463
100950
78184
49700
89671
107858
68334
117612
99620
123507
123538
114461
77330
129474
43862
103762
96236
19077
115056
21251
73197
23784
118903
45554
125006
71544
67366
64432
36637
80296
108386
7289
9070
41395
87840
75526
64086
108569
50846
104386
62831
121098
28815
79280
115641
119003
118618
72245
91434
17830
72841
118319
115266
30396
98923
3020
123768
98390
3538
78896
120637
17735
48274
114403
35317
96389
63539
97529
84775
8657
97937
109030
122953
55180
73514
97783
65850
14916
76860
111255
105922
16659
57854
70498
39067
34672
79604
88229
50554
104397
55143
26119
67142
32198
104579
39672
64196
122056
40205
83502
56207
31299
49987
7602
124280
109844
65643
125154
88117
85589
119244
5431
21740
98753
9952
68419
3552
73222
84885
49449
128777
95053
102570
44557
100581
91848
60293
120925
34645
124285
30239
71650
74792
108895
55911
113587
52018
46358
117586
45054
82405
92009
40074
68848
112517
33551
58229
45651
16556
62736
116592
9964
70093
41839
86361
85121
112007
52158
84586
70906
108741
29508
121454
51162
71231
100926
65514
126222
125610
16861
86337
9357
37284
86636
72564
82995
29994
87610
49702
52236
78640
97838
29453
80662
27333
43676
41615
106789
109392
46817
83591
64268
58485
86508
120885
47911
95804
99041
27327
59271
82675
108385
117742
10737
9785
43150
107033
20113
124120
60954
97767
68448
21628
101611
113964
37877
90464
109120
23013
57602
21242
72823
120612
22953
62058
112138
62566
18788
27236
103276
5287
107295
96651
102698
91513
85318
53198
107113
105732
57189
82769
57583
124688
5043
51723
40650
101442
19261
9659
88775
126486
79390
89383
80532
35777
85258
47419
104252
88625
75948
128180
106801
18138
115389
72012
70933
40607
76458
64457
125850
4170
50172
109849
90144
78352
56534
35831
119687
89902
34008
91999
66659
125782
42372
52354
34606
4036
99644
99696
62337
20327
45796
4321
44680
45966
72081
76443
49131
75836
45094
85382
26455
70880
85674
14750
71241
92446
7324
16354
29854
16143
105797
19061
19273
87638
25999
51652
121650
50639
121439
82190
13286
49926
55156
45951
55082
19499
103187
74169
77725
81373
53497
31473
29904
115119
10316
14015
111582
68207
106638
102612
75500
45243
63639
43440
108478
19518
115448
22429
5030
17669
118340
65759
104256
58688
25761
47726
129821
124307
15304
11330
17845
51914
10094
3028
57308
66569
9753
25216
18707
80666
96606
89722
22459
34223
73875
36105
64957
32128
18080
19269
126589
116755
17659
49861
100540
41412
102531
46898
69670
12821
61548
20944
71186
75619
27026
23466
71243
55300
18480
68031
13944
121127
96565
31861
91992
103135
121530
60533
122468
22687
73330
112870
85615
111453
40187
81073
25144
126973
100166
74251
23023
78280
122095
126547
81555
49660
40300
97977
39991
19430
4481
65908
78866
74671
101826
119555
113430
101999
67516
32950
33622
42509
60222
128099
105596
59366
100802
90354
92807
77507
52945
4813
75426
103645
121820
45390
92650
80123
90442
121531
100641
34262
73387
125197
3367
108174
114807
81444
19204
22363
74300
4297
67722
117164
75227
28976
50224
61828
21975
96024
39977
74593
85055
123206
23043
59547
49086
85234
65385
15912
37109
32967
99249
100368
51206
39618
104790
125029
126539
24469
94416
90449
33246
104991
100429
106506
72225
116826
89770
31347
103309
93399
100732
40749
28986
78480
12220
7859
50067
78426
34209
67245
8882
35538
46943
65965
61516
127805
107338
5527
106653
98962
43790
98008
56452
61878
121848
73815
21591
92980
74414
127862
9811
79615
53417
90754
118024
118878
96087
93241
58797
13875
51677
69798
129110
69084
39530
118086
35430
46523
63389
51299
44366
40813
129220
105240
69443
124069
44307
19845
32391
83491
82792
39016
115672
36848
87118
10994
26252
17967
48918
105991
89373
113710
32349
18312
108572
98338
22008
116896
87619
26081
68983
3333
121906
114761
106243
53146
33138
112741
69676
9810
22587
49965
102640
84462
69124
92672
55941
37276
100553
89647
6677
92186
95677
84260
123766
17998
58833
36969
31804
51076
111405
57245
68255
126518
34790
114613
34283
98211
24715
86653
18823
18089
26676
23166
38752
118848
101124
65904
20290
23245
123321
86519
12613
36894
103222
8548
53676
94062
83569
94535
62215
46684
102406
112360
118946
107629
21895
9939
49875
61597
117019
112922
79798
49072
99455
81982
45248
69264
68369
77854
128430
116497
47951
52657
54672
58872
92558
87617
102525
45381
128197
92060
54439
127633
43823
88413
98484
95000
71293
20571
100338
5192
113669
42495
123220
15429
96608
106172
109126
108949
57032
60633
125904
114933
43643
112122
128608
10480
65424
91536
39140
41163
38292
75339
99232
89877
15045
30548
27400
111317
23455
91049
88152
114085
113548
116681
73981
23481
57327
32501
122326
8837
38384
119432
98502
128273
104495
60084
79908
94450
74150
6101
5316
91431
105200
52920
48955
75188
108055
14967
109020
52790
105020
15773
64188
57568
47012
115814
128783
94264
24317
34785
122765
34562
122687
30990
28251
37259
59827
46235
21000
90990
85414
31798
57345
106613
94716
45198
83371
75100
40054
87816
37903
122169
55289
121192
123438
94689
41521
118110
116783
102783
102468
14299
74617
55518
127494
74751
10217
101210
5420
49271
74873
78943
40773
62531
15062
15967
111183
10499
96650
7644
120413
77832
93361
23218
96137
86473
103495
118023
45576
115087
80260
9152
117072
114009
45572
51308
75744
25250
78088
24554
6663
96285
93325
3662
38571
123665
86722
90472
105676
3265
73767
129921
58611
19282
78418
120518
96984
60827
67258
64549
41856
11422
53540
72377
29205
30355
70626
81407
27042
27799
95611
113941
54130
24377
50309
33768
124184
64141
6337
98102
56388
111871
65999
63175
26019
99897
23529
38795
54609
86980
14586
91053
63867
34203
13428
48793
108650
88968
45205
32662
30503
70471
53573
43446
61012
27136
74799
89708
15118
24698
55031
69808
10522
35632
12658
56011
24557
19519
16504
95680
29676
18577
77848
88550
5360
105727
47937
33669
81906
122613
70943
33964
5073
51370
70439
87006
23909
105458
38627
125671
108100
126218
113225
3746
13582
33128
95739
74356
72888
128354
67647
66075
37527
126357
50177
38951
35370
53164
99361
64210
21813
102865
47342
10936
112897
60635
90386
82795
14053
64652
42274
87559
101992
55717
11788
110003
43360
20893
59720
81650
11857
37770
80746
45363
115620
128525
28074
61872
65952
94974
38647
11956
48961
12740
127349
107994
97082
50230
81112
30794
3322
113334
105234
95005
92147
23592
46216
61360
127665
121464
123967
102803
127458
125709
12450
85298
43510
56329
104011
129408
47732
11672
48190
36856
39531
104334
30178
110787
98572
114842
123942
11589
99671
75180
13148
60258
26717
77558
69672
24707
20990
36963
118769
10191
61622
37873
10968
52206
12525
103181
117152
59782
90441
72355
73349
126162
37352
46694
6504
75717
54540
21103
115774
43294
22408
18661
94563
14594
13124
108972
17821
89591
8282
103572
75890
100488
56853
57729
59870
6566
36574
97132
38170
17828
115997
109971
123619
96856
38488
124823
74495
90868
22426
47994
114816
33623
23517
57751
28188
84809
81500
53143
110744
102328
125538
80669
5882
22555
98725
78072
109802
31953
52995
79176
38930
91878
59321
95225
52711
98899
34384
26752
108811
81443
27495
94348
46803
128942
15949
125755
73230
121507
97738
49963
30735
92745
62297
95655
47158
87372
89556
14497
86285
104776
112380
28049
33897
93843
126008
118060
83811
6888
112087
19883
85091
98809
120212
62078
70461
116654
63937
68538
24649
77896
9083
27387
126169
3197
52173
16999
17002
15287
12675
82829
98621
24502
86529
49981
64090
110405
44702
74912
71095
103651
88029
6756
120893
44455
80941
92434
41343
119237
13624
10654
25629
106985
85956
65604
101626
75206
19512
36591
20073
22516
105039
36410
123404
50365
71508
10916
29611
18361
17642
116571
87061
62371
103361
98861
71584
103726
112578
39269
99669
6047
119592
43724
98788
30234
128722
29607
58235
40380
94952
12816
99580
28491
92939
11959
23504
6387
52715
3579
98421
68162
123413
34303
99782
74475
33965
109303
123672
84571
21884
16430
19548
47274
98385
33311
119082
111417
30108
104126
39307
117011
53629
70343
71971
26941
122601
71689
95226
3013
97526
82330
120952
58310
66449
54077
30833
112510
31703
122428
86310
28243
7656
49351
30084
80760
115248
110321
19392
39361
63981
4187
87409
33109
95650
82730
15121
90831
120594
31044
125980
29185
35962
110310
88161
38817
75356
108327
75737
95161
58036
41025
60818
79923
101886
61578
59999
102592
113921
9672
113115
34759
23207
56224
128471
94783
32960
16620
31976
129938
57766
19001
111583
23637
12046
67631
96134
42394
13053
114313
102422
7109
92605
27177
115251
95277
84616
116315
125177
46382
38270
97691
65769
60308
68046
42144
3740
109989
33615
106246
103821
46723
35367
86370
101691
43118
127359
9712
96554
86781
105322
72687
102767
122761
128833
71005
97277
23182
47162
85007
4730
76196
110441
55597
11370
85819
31931
82518
111103
82379
54464
54999
38386
92144
76247
61439
17173
112463
70703
101445
65492
119349
76279
57344
65296
127626
122790
55257
95806
23040
21462
108616
54998
7351
79870
129832
98834
10707
37511
84366
57335
65381
37135
115582
99746
106808
14829
120784
92015
115188
72925
21804
91745
65247
102526
31390
24655
129728
72825
33370
22713
71195
51336
66339
91389
25657
96199
6121
46408
122488
113392
51382
94950
73153
95493
63592
32870
60857
119475
43125
98865
82925
50281
66187
61302
127631
115233
30017
11740
11474
8669
84838
56967
47281
110956
11726
123308
51010
20026
93268
59261
61855
55769
37200
74108
54502
20473
37968
128057
95958
81803
122215
117069
25627
21733
86394
92851
21301
40567
74752
61598
23316
71568
126705
7679
127185
55272
103879
20968
50402
93894
22930
14589
11595
48701
69568
19165
91768
25834
31031
26811
43408
44276
39666
26685
115752
19681
98003
3605
63954
19842
52283
123694
101331
65169
114692
52268
5382
34431
29509
68254
35006
37032
14610
66109
102308
104492
118473
5172
82194
129796
98948
13643
87296
4032
13995
87944
111217
16989
53250
34453
58126
21531
29069
102019
79163
22435
76966
15363
74047
82631
82207
83735
14726
120583
126526
8920
18155
21622
49752
90554
96615
94932
76720
48640
4217
10135
101613
56503
30636
78752
80533
127487
51105
123373
86291
102192
83378
110783
128404
18941
105428
69910
78043
113680
15624
24757
55048
38344
25412
13014
45341
24053
83844
59351
96129
74189
13635
129157
61262
34235
47495
110057
83490
6457
31383
64602
42041
97721
50930
26368
105345
105498
122764
76617
33294
17179
88950
109813
106447
104602
85322
72922
61094
46131
82608
75608
42429
127847
75538
81155
129531
82511
31955
123125
23933
75694
65616
93038
76647
70013
28509
88022
118334
14063
60131
16289
48672
43305
24252
124115
71920
39178
125639
37376
113778
16658
107757
51627
122430
41240
52274
86918
98258
90657
83717
61419
91103
117643
104914
113170
125431
32429
35141
72492
105457
73773
71591
109004
34839
115181
126146
120056
62132
74425
42306
83399
26300
38984
4605
53181
18135
53245
92175
87318
63237
105575
83433
89025
122729
99735
25336
56867
106326
124316
44950
66309
47789
59146
55347
98397
114433
28359
82541
122049
49637
67527
30761
36031
14620
86542
106258
75740
82493
104499
114304
46203
76812
99555
91038
103712
93975
24060
95204
52325
54010
52146
29132
83900
57706
32595
105246
66188
105373
20851
14095
27077
64427
38071
96474
127387
94119
46448
50138
107800
94174
40239
107500
73120
62224
117233
117851
69469
70035
63484
90471
95658
100247
31875
123422
100249
78803
124815
120150
111314
105853
26332
49882
53338
79108
60727
86812
97326
15172
95024
24485
124769
9719
120704
35022
97967
77954
125967
84727
95879
108417
13468
44925
106254
18720
122112
75465
14340
117459
24512
112334
65467
56713
7587
97656
106057
38430
44927
51690
70247
20966
98803
33459
64243
14733
34455
78300
127385
108814
48247
115446
110714
23520
121487
91071
123158
41547
117808
44641
80600
28011
63316
8527
38303
123060
14534
104830
57955
92272
86556
6839
108072
79173
44743
127898
8677
59660
72500
37234
49774
10500
113709
14833
64346
109983
17178
61428
38714
79752
79203
51967
70098
71778
105810
50726
110919
64428
27475
61433
88155
99415
11059
127804
92058
39832
80946
10962
109239
29932
128806
126292
39247
107579
90375
29049
54771
48143
114051
99770
74576
56194
118026
100340
8362
45455
43604
14165
55980
101506
41300
56791
115826
35015
115209
49517
89322
20025
128220
10652
84971
57843
86864
28457
97002
45853
61688
125100
107237
38255
64860
86087
13825
19236
60965
13375
81991
117068
12189
36349
5718
64874
103752
65042
110765
111399
5159
119290
8305
101464
89562
104203
81281
58809
111565
84703
105745
111247
109241
124268
31330
48291
106085
59752
28702
94133
94482
63530
59824
67561
24644
61237
97973
36436
125103
97756
19121
89350
77603
73510
109347
88559
129671
69003
55473
6117
40988
20460
26097
76793
97085
57454
56819
86814
74021
109383
72428
43579
116890
117951
83782
51732
60995
120819
82231
7540
21644
18504
126876
76047
103387
26141
107382
114909
30080
106601
45067
63581
89412
75283
47881
74934
21821
14747
45835
28349
56084
76901
54985
86201
114708
127312
47801
127807
97955
11677
23138
96864
116761
59422
90773
110100
128043
59226
122291
11861
37752
34425
73379
33800
122052
96924
104017
94601
57994
42938
121838
17353
29796
28782
51867
122412
78462
118270
34514
101455
14372
3437
55330
63270
19542
31027
126891
11953
50263
38990
47396
40835
96782
63442
66241
78405
7145
12593
83131
5385
123899
65592
21982
70207
47344
65100
76560
61970
22059
27546
82615
73274
14157
25559
94929
70134
71537
91432
95002
40494
115894
34726
128790
81270
95033
18656
55775
95548
99287
28508
92094
85061
118398
89505
104022
74643
43522
26865
57868
114208
27656
19719
8120
90800
76005
19191
126153
29948
117517
26875
126971
36217
122882
12489
113239
95770
125961
17796
116515
13929
42446
94432
92090
9996
123385
112746
67925
99553
26072
55186
21286
127688
75149
77856
44389
79630
17106
13332
57559
54661
128418
117564
101198
77875
45127
56147
102758
74611
101942
79605
51592
66427
18878
10437
77538
117589
79860
65464
23334
11452
43659
129524
129971
76201
6805
41478
20839
64599
95037
108603
83829
89828
118077
100268
107816
75253
23278
60020
53008
51586
116535
115992
58079
105160
74042
82908
110067
101451
103784
99438
121489
83739
106302
13517
23510
28760
100727
115905
45423
81205
31948
86090
123147
55138
23120
103945
73908
35332
34924
40084
9391
11062
93006
46278
85096
59041
73628
3479
67250
43441
44531
31046
48464
112834
64451
62974
113763
78817
71682
15565
4041
35128
62795
55987
24666
99935
38809
111489
38257
67473
68245
119791
73125
77930
50075
23751
89108
42386
33203
11805
117973
74049
52710
90121
101631
87814
108116
20041
103324
109818
62181
16796
129304
64754
45208
67355
82729
124056
119468
83381
74563
16127
67499
20897
4996
38426
123475
30372
18358
48344
57044
6616
108269
70917
75937
88004
30518
64877
36036
84553
12494
125507
84363
118889
109119
112367
95783
11362
24293
49378
41598
42553
31296
111331
46701
107893
35123
22190
20921
109289
36913
57966
68156
75885
118178
35033
32691
19785
34082
28194
37477
72136
111787
88738
102001
55849
52645
70672
95819
124615
32812
54099
120423
119467
115973
49321
6926
71678
27298
124269
66088
83096
125553
77504
59509
54984
106106
36027
39013
105245
5211
113837
76070
106812
75329
5688
48773
77734
54839
104491
18441
32911
39457
19212
114604
80631
21398
62106
72030
64797
92005
111065
119358
110829
62171
55852
104357
21920
104944
6652
76334
119370
129827
98012
8160
110173
26902
75839
81673
92667
52750
75530
37467
39154
14109
5456
8455
35021
66397
82824
83115
99663
100011
30184
86504
92697
19741
120447
30385
21169
92082
18840
48270
106904
62323
89059
120543
103420
35183
96197
5672
34856
68564
76273
28229
65624
90322
76803
11823
106145
117492
27967
5156
83743
106699
41254
51913
95408
83099
8416
127769
13576
52089
18202
96367
103554
77020
92398
34534
26059
100069
37602
48178
72328
21582
97581
13203
113418
33711
16674
114671
46214
94265
28219
69361
110290
68287
88603
87216
80841
69584
30394
34851
80503
17498
26150
50352
34032
126667
46239
26886
55953
33277
11255
66943
116782
86228
65389
101248
127279
4764
119565
81514
22875
44296
29578
67012
74097
123933
49727
77198
114990
68460
13761
27903
4160
97712
73552
102135
25455
19462
92246
46734
56312
77146
19070
61857
112569
88844
46478
80319
25976
53270
69621
101492
98556
87103
39696
11780
27171
14639
38110
50179
52724
81495
89681
24077
109184
111378
115676
116889
19866
51683
15348
75606
28400
10230
60537
72066
51192
76967
43035
97279
106461
111480
37007
22892
100500
63070
75309
83091
8516
3838
105379
124887
113930
94966
50871
72375
71452
15616
17635
114894
104452
66504
23981
101508
123327
72416
41912
95480
66872
67790
78302
112959
43762
68202
12780
81905
72796
16797
117884
9347
30348
44192
110828
60180
84581
34848
126798
48520
70746
117649
79878
18396
91867
102016
62989
78990
79229
128859
32897
85235
86851
32443
64135
115863
80624
74436
81026
127295
61553
22672
37784
92651
25510
14719
48738
103954
7264
60072
59666
6895
66455
88946
56816
54112
25683
101662
82430
121104
112461
32550
64888
100778
14487
36161
88859
59542
39054
109646
81543
112829
46513
11332
16774
52432
23178
10460
77067
13993
13280
25567
125704
18582
34918
73406
52270
127800
68494
64312
92578
54856
34942
74736
16339
45405
67262
103168
110625
66839
37856
23756
116162
110688
68006
96991
97039
94667
110434
112036
80103
65192
86809
54024
40700
108945
33980
120632
54737
106876
91972
119362
74121
64618
39848
128406
46681
109794
93383
55689
113578
118105
90064
9625
72101
57877
78857
44444
57643
45412
20847
14702
66809
41708
30447
126415
86641
55230
17255
89325
97361
110136
127724
4801
11897
5304
94189
20754
82467
13542
94720
102523
110297
11378
5007
28662
93741
109883
71146
55875
45114
99813
49315
58305
80910
52055
112937
17337
36072
56928
103980
7046
28280
95695
69215
96705
15768
19613
30718
117550
82503
80607
62461
55163
60713
117776
62350
62294
83153
99827
122616
128343
15400
45068
61231
31227
82377
42431
27664
107951
12107
105434
89996
60826
13131
70873
88984
22256
46612
51093
118402
115776
4953
125345
71763
95875
77552
70517
18902
52924
77395
94066
87625
65195
5405
3714
17933
77193
53011
81006
31313
41907
21876
33407
119672
12752
28060
72867
51977
63219
117468
38162
51757
94115
3660
6744
30998
79682
53635
91846
74055
26572
75410
93491
29685
20500
42482
52498
59323
81296
83005
31832
120838
112310
19984
18445
120122
107488
127131
80556
28779
54792
24031
101183
21885
22888
76943
11458
9457
78452
28554
82686
82491
49968
26482
84568
129392
64642
124535
40080
6086
90928
58936
120538
13862
80474
33174
94874
106834
68101
55475
120517
105474
50714
98934
19797
25580
19793
121397
27515
51191
57222
28372
60361
52220
106569
39233
37601
45150
74965
122051
127826
113340
21504
9135
53389
45841
85353
109915
109430
102443
3174
56006
98549
66715
26812
45970
127351
71552
86185
117038
99337
71635
14221
15136
43925
69919
71014
110093
12838
73298
79001
81798
19818
115678
43100
81572
79519
29496
18324
129368
92514
32212
45875
107966
37740
34843
91085
81463
113900
77760
89564
92452
117931
120318
115531
67893
80352
35402
123754
95736
9033
7194
56381
18034
4853
109520
100373
72527
50071
86418
92127
36158
74197
106519
129791
35882
78806
110915
121960
114503
121694
24748
63186
74816
18796
112707
27330
20601
34022
116715
89427
129893
90495
89511
87928
35314
40274
13905
50663
30674
110674
94663
37855
129545
20202
8622
89860
29589
70449
74920
32759
73126
7499
114229
99578
105601
81727
118981
31994
91443
115278
41319
75247
113735
18363
86117
120993
43874
95294
111985
13996
123891
33539
47642
51011
47138
42896
72338
68138
84574
23496
16476
54307
124748
84298
67819
57762
120451
57320
79895
92855
116473
81628
88612
86834
6899
59768
19486
127322
17142
99058
76581
46162
73248
79423
83357
108190
110326
101182
6232
125865
14884
104289
24170
32404
79783
61148
19948
117992
118470
127992
85753
119403
31714
114026
107618
25748
8786
106645
116171
82970
54335
112052
89677
23687
19122
26275
127858
129242
126919
66812
112055
101911
124584
66264
118610
20419
74201
105704
72509
110379
13480
16327
86797
12805
99207
127076
82039
123954
7997
21685
120850
18903
90486
94369
92306
129772
20927
96977
120600
42445
56339
67065
33676
109585
39943
29498
76918
32057
49534
49374
60211
76689
110012
82077
50477
45743
34219
32673
67443
125082
112646
41390
15117
8291
80218
56831
65312
66999
4222
47104
89153
66276
32111
107255
96481
26775
3771
33572
128528
111111
11383
108703
122661
18930
100382
108523
5853
10332
92915
102318
34281
87141
35180
78755
56602
129012
64663
95860
31311
107769
16303
80674
63510
105269
53003
15686
36930
97247
117007
62407
73619
87930
13422
44493
115274
48287
72882
84610
51986
50964
119194
78394
11005
74630
57176
6173
39237
65967
18550
93510
60956
27898
78571
70235
7922
8430
43053
42336
129500
89933
110909
32525
47076
49747
3376
97698
80035
56947
77825
32385
39422
30134
20719
63721
65553
78016
28571
68744
75022
88997
27016
79198
113051
76444
102805
52680
14326
61482
101734
70286
122991
110221
23961
3003
29470
124935
121296
20050
82519
92079
69294
113959
15206
67834
61144
18952
4196
8975
91873
87165
79687
119972
71063
46051
94100
57058
52824
17360
98973
41972
41624
96972
48821
30209
69742
95523
33469
104222
120623
118759
39922
17620
83648
96273
76527
69377
14631
67486
112212
54962
17849
105328
19188
11681
108534
52214
20536
8650
97733
74149
117638
54840
27667
107667
22342
34746
88999
25568
70353
106975
127210
8234
91354
4506
106802
24983
17084
49945
110352
75897
83692
127190
60256
18204
107306
18140
73464
56497
48652
129804
96443
78441
108214
75163
95811
18560
93051
84111
41795
51535
68923
110512
31118
118155
64852
57807
39627
75103
128607
22941
72118
117876
114549
43444
32438
34449
122793
25848
16932
33049
15871
88417
31562
127588
93419
112261
77026
69948
26962
49157
50904
10196
101444
5977
70033
22815
10864
62615
42254
28292
117412
96138
61424
87317
16536
44360
116566
79977
111096
129133
67275
123302
55595
88510
93246
34120
21011
88320
49822
108542
54093
72293
108003
32781
17509
116298
13370
115571
56960
19314
18307
96654
87873
123801
55640
117609
66786
23009
32097
84642
9526
105048
8969
69365
103613
101619
11086
92181
7995
104590
77633
37763
19368
47983
123093
62548
125389
42046
124594
14406
56719
68398
87882
60376
27027
48684
74407
25013
94866
26349
17780
104338
30560
80670
126622
107379
50601
102416
41709
122598
55679
78971
90615
31319
77178
117779
59838
8839
36252
94108
97843
121896
106001
64345
90084
97877
81550
20643
114471
4395
42626
3233
65377
59937
40131
50387
67462
96383
71119
82135
15991
116858
40506
84972
17066
37081
57727
117671
68179
127030
67847
58504
33240
63300
39831
71955
116019
67140
88422
20685
57652
75599
111000
120400
77449
34292
19305
39041
24725
9120
64696
101204
112270
72058
73333
12972
50730
106903
77711
129328
109068
63868
27428
85903
59007
11147
95497
76775
54533
128831
14844
105377
72175
37288
126948
84677
17639
80018
112309
18061
128468
8041
103189
15610
119657
105669
88033
109331
11507
46892
119721
31964
36227
129854
67667
18278
62517
82416
125761
111957
88482
92427
107716
98471
113570
47361
18224
89960
24027
38912
106366
30360
17069
62712
31255
17222
124708
3563
35851
71227
61976
73192
45318
21919
43730
27688
73172
112802
34001
118064
129754
36784
64339
86118
15537
42334
116772
3166
70949
110694
122780
61264
20494
106064
75083
122437
95516
92204
122584
32331
75412
11403
93500
39287
44375
62767
58900
120755
84859
91954
79913
66822
117924
111238
3644
117954
19714
59669
82370
123124
117699
58794
87642
81801
4437
69785
125787
44053
118639
66235
5564
103779
13630
110272
76341
120205
17665
21145
113488
56788
9381
99779
27478
43293
31444
47759
36189
22694
40748
38022
55139
125621
55945
38884
64077
3325
105757
115502
74110
80988
89612
72583
34144
43949
33991
17850
87839
43225
20859
122743
95486
57830
45294
89422
3061
98324
33198
103679
41436
63961
123650
91157
24309
48836
3441
75556
15337
81901
29893
36897
109434
59772
18610
76298
44345
83724
106316
84604
115921
61646
3379
56435
77594
47424
103846
118713
5879
10285
55925
122092
48104
44495
103659
26412
64165
127957
71873
85490
62079
36816
103092
41611
126787
76241
63513
13433
35706
105146
119009
29922
74770
128672
94266
16566
97538
71013
77778
103368
117228
107416
16056
20783
77234
44285
33149
115860
119774
70877
67813
25243
102704
107688
80486
47776
59367
67168
72182
50827
45122
85660
66291
97689
70127
44111
29627
20931
127256
10463
13947
97200
118737
5185
58342
57640
66023
79703
17563
128065
22510
90996
84711
99884
40966
114146
11978
59546
16906
126202
74177
89652
3206
54120
58402
28513
47297
125558
60692
31060
107386
17152
42245
52863
38839
53259
59588
67417
90961
38051
129052
58406
84129
43245
12637
62504
80709
32706
38379
13282
98174
76579
129084
68757
30732
73842
106873
89415
111815
81420
9300
64012
61153
102110
39926
32921
44384
38400
9117
76842
69782
91818
111743
82936
95085
29885
64223
21753
16136
45038
80818
100531
10165
102606
76821
27635
108658
42950
16425
111368
81871
29523
124449
93304
27573
125795
55652
51655
108763
98399
75570
93461
68728
29083
82129
57964
107945
106265
26786
24706
22461
104978
100331
35078
64646
37728
40020
36160
81639
31414
94435
17453
126261
16690
11317
58533
47965
75225
129787
76272
73003
51387
90358
18512
76539
124583
105125
111865
70443
108769
84864
110513
93369
3678
76369
85364
22873
27577
109421
85241
68507
71363
82100
34163
74860
49214
41901
83015
100461
43406
66728
117385
95592
81392
95282
101523
74222
9707
115213
8892
43229
107780
78110
67420
62161
127605
84923
14128
44161
84550
12770
23800
20827
118441
43784
61167
96968
39857
79534
30039
92797
45424
34334
67690
3426
27564
11907
117679
101873
90861
15885
3700
19284
11011
117976
129099
100504
98748
84924
112783
99274
3692
55728
90129
39563
105921
75375
12997
126154
124419
46808
98024
69546
50890
126977
51176
32162
38515
97029
102719
39785
57687
27717
65468
125883
110007
65786
102278
76635
13271
28634
96304
101816
94487
63218
30222
35012
86647
115440
119814
81051
127971
90586
37249
87426
31404
46138
25593
55287
51879
72163
89190
59332
98935
40450
73353
121621
40975
107774
17604
18702
6395
13536
114278
58686
94869
10766
72399
129222
36511
16385
106857
83931
108591
29490
123878
65590
43362
10118
51179
15875
111361
115309
70554
74738
68781
38424
101287
126166
36721
29096
71610
84030
110961
7465
123470
97233
117280
76882
94611
118386
25697
60130
30605
19530
46479
66282
106578
14763
82978
63740
115970
87423
46767
100409
58349
73758
59245
102107
19349
63064
3641
85673
31292
57720
99987
67316
67271
27315
53036
99830
74232
110348
53941
33745
127225
78688
126839
6489
101969
15688
45846
42726
109055
80407
53693
102685
78438
115430
120761
90643
126282
96053
15234
35070
101460
124753
127215
35404
121230
110260
125895
106542
108410
19696
114519
109955
71006
33813
65260
121248
38648
7060
85622
80164
73523
63695
33675
19151
36981
4543
46342
91518
105110
73680
31982
74285
84138
88707
128855
77620
126638
7694
92524
5230
45886
112009
43953
86269
102139
53604
92185
99490
32953
97456
117522
85319
114406
4566
5306
43668
34566
122639
20442
38109
51074
62311
120309
28679
10226
46223
92642
127814
23788
80902
102105
9547
93746
122329
42135
91881
56055
59247
92184
22003
44798
42813
88826
13193
41717
109498
28478
86700
46801
81232
94382
42481
38346
97197
94338
22387
87442
107340
102055
31329
64505
48757
84522
81714
64774
96603
53282
102814
101553
34991
70142
18234
56444
64018
54472
93258
4082
59899
34607
25025
98428
85573
19230
80794
99373
17269
111141
96744
68792
124912
75061
89268
31870
108643
26972
29614
89729
10937
54110
25460
123907
61481
88808
52549
68387
55630
109114
101304
22834
17725
6865
52312
22011
10395
88703
32860
101912
23532
11020
35744
44172
103023
83106
69039
100150
59527
114901
3665
13350
53334
116846
39709
57735
121569
22899
22017
50712
109249
56054
39911
94029
72032
73679
88530
94699
24003
111799
30421
19067
59742
29108
26979
8221
41766
10251
99259
65343
77130
29374
111596
97584
49857
31428
43619
62639
87170
3883
43331
120557
108326
72079
48484
69399
127371
33416
94770
77001
65316
92891
112772
99938
34029
106966
92416
76561
101528
96668
33319
6116
113885
52441
8241
7347
16618
69594
117493
13182
79949
129733
6912
85539
118951
65900
122394
97923
107116
22599
109987
66518
6449
75805
89998
52427
89087
23888
33885
26158
17720
105935
36767
64951
81379
70274
72280
119858
72897
96682
31293
92338
75112
29353
23331
8287
31497
28275
91125
124400
3671
17825
118920
90606
83133
33801
30589
9256
115001
123002
42303
114791
27735
12867
48518
26147
128768
109413
66249
123086
128641
89417
126644
53472
69787
121202
41784
112274
17124
33938
47722
31288
99873
27008
106652
10257
88011
10354
85877
9090
33700
127740
118501
72437
36353
14492
116266
53576
118454
51767
37045
101316
72588
47324
23890
41499
32015
31466
72919
6789
22268
73675
108871
101432
82623
102922
88008
105648
70779
102081
125550
82487
99242
51228
113390
53380
5418
112459
112045
69683
47033
31351
128351
10509
40327
9063
59623
95551
69104
84185
70963
48446
48074
110355
87639
63177
101572
116690
49958
101812
72745
10010
93289
99149
21787
14622
6392
33482
63901
9587
116088
77659
53308
46527
31693
88584
66194
33348
44795
76672
32578
65585
96811
90480
120883
18667
113065
77717
128016
10252
81766
84896
16730
40913
73916
20238
101977
121304
42535
115524
124958
15215
115867
101349
112395
66226
107390
54866
16307
3621
24196
79585
70422
91798
113662
72488
48288
40483
12294
57162
15853
22496
127325
32741
54921
103053
16317
124342
21809
56185
100263
8655
25514
61387
129315
44310
7056
48048
59802
28063
90604
7681
49386
4532
76748
98054
42511
5118
93378
16001
21696
42203
89885
105606
35713
45175
38777
48300
122324
32791
94041
84956
120287
112733
62363
76189
45147
43591
71292
95197
7066
61584
105879
98892
83977
15361
31790
126535
74574
76699
6133
19113
4952
114221
110464
117275
15237
44532
70429
73622
41101
29204
96541
79091
4550
35727
46574
54282
108885
117173
53001
50772
112666
38848
97604
122709
128423
93116
24434
61373
9315
53047
103921
116619
35471
90927
63253
114612
120796
72813
8472
120634
64669
69581
7276
36381
49738
62518
63623
58173
26580
29777
57510
9807
129169
31636
80287
60057
88129
36843
102187
65775
17373
105277
113483
114102
115875
66843
118856
62952
71357
98165
21374
49806
67037
48343
121170
50009
5182
42232
3543
64328
119173
57458
55453
74464
33079
50605
48979
51097
5973
34428
89779
8368
16776
54765
88819
9908
94981
104576
16454
107361
25960
26260
102705
3922
46919
86363
19806
14452
56935
73559
37778
91388
68168
63232
25672
95278
89296
51897
61670
124315
28285
71242
120989
35714
38503
101234
82192
81653
105707
102206
119691
58960
13129
85560
13537
15398
36641
41014
22710
108135
127112
81416
119045
60518
73705
61721
15442
80429
23817
34683
54899
12029
4682
18117
113584
8243
53554
67123
31505
98123
13115
22260
7453
107734
33985
42095
5103
76744
20384
59401
19265
87827
115135
112446
33983
19830
83826
22663
123890
99852
124097
72977
75611
16418
78865
92944
67491
20329
21534
81411
80593
73474
52046
75455
89111
55506
70929
17203
67121
101267
33167
48218
60127
126184
49102
14705
65518
91699
55145
113725
64713
95347
13068
108561
118847
33516
10011
37362
101285
115645
14429
11230
16754
89123
22071
93942
36192
16672
19643
75070
17199
30063
97450
60218
37771
67969
39859
108688
35130
18045
68727
49467
65925
83880
77126
110584
16591
106446
81965
61355
28100
37725
35393
114870
77484
125471
108095
84865
33268
6738
34368
48944
96321
21033
91135
112892
11125
49952
16177
124444
67372
29497
94893
14776
69054
45272
53032
20780
103697
103729
124241
89288
67855
6585
61972
83142
24898
85226
88857
46296
13930
120686
118482
30181
36080
15626
93557
84893
123008
29138
94916
128185
76286
58652
90113
123318
96495
17694
92120
19525
71939
49894
119492
83230
108192
25888
28012
80546
128732
5452
42412
127050
47704
123067
127015
109071
5927
121665
4099
89959
77299
99064
75419
23133
22728
23648
44337
97706
14024
17129
15635
78230
108252
20479
73973
99888
92842
10066
34609
124749
88036
31145
81468
66297
6293
64079
5562
82367
125017
64556
90609
116969
33946
61254
55993
123752
53983
7053
14608
109482
10555
24580
63713
68008
114864
119301
97322
25089
111684
33103
102226
15031
78765
76888
118661
22458
74288
16714
85133
98869
20890
107613
96071
60453
99616
40779
32481
21633
118107
91299
13013
22166
55897
108975
44696
55609
81611
91315
24909
98982
25462
19626
40224
55074
59811
29563
71836
30137
107602
66600
60018
54380
44901
62415
89468
126424
121483
3565
61814
74894
41551
124784
66307
73730
66528
92002
121890
18170
27868
26532
91170
76856
54133
59549
94158
33305
53226
58227
35296
109943
14254
56823
13279
61449
108720
123166
102832
102673
79427
58953
9516
62241
100989
104143
83111
68745
60382
84039
9636
112516
40186
49182
46148
118392
79428
112321
77169
67165
49261
91404
61600
112322
37993
41382
120621
43266
76129
3854
100156
13785
74128
70897
59739
49606
105843
79673
57005
75658
124512
76808
116641
3488
87883
121318
126472
64368
120580
58877
105099
124143
97006
77846
70721
24797
118599
39789
96278
20604
88605
34651
106805
103218
22112
120511
97932
125014
116116
106739
47526
66510
47826
129176
108027
76237
72943
25083
42068
53238
10742
68559
129601
112042
106607
22601
84338
58258
76290
75984
29481
22620
56752
82449
64561
67541
41346
82636
113697
36425
35374
48705
119090
79204
47080
62524
104434
66900
100816
110751
55140
71192
20952
54506
117469
4269
54639
51053
35812
17902
41728
12250
41333
42600
10684
33190
83013
121582
46529
20747
62414
12719
75280
27591
23489
44677
30129
19752
119990
116271
74864
118936
119140
48959
69434
122386
62745
118481
92230
23882
129861
34737
85420
94776
75768
102542
7996
70409
26050
69241
33677
122473
76062
19872
71845
74533
79094
45183
18028
68686
5969
51003
110644
68479
123904
28288
117170
123523
63471
47707
18606
68459
8972
46635
23380
96472
16539
86235
26329
110994
54482
122605
21014
94347
65019
89916
96105
18074
28121
30359
42500
28546
124236
43694
45058
97165
31632
124901
95233
18887
41905
87810
74746
94195
128194
128477
101041
81790
96345
32903
68033
14874
83667
11087
12776
84480
17243
92734
88741
42628
129627
40193
86743
31922
50149
33746
84139
29561
105270
22301
25266
114487
43459
64854
121880
