21839
28558
26057
95045
44567
35735
18609
16789
95320
16011
27275
51214
82796
61962
32950
10186
97220
16871
33731
50872
75622
54489
20865
9556
2574
51594
92900
18838
58573
47321
34250
17882
1929
84572
29809
19941
91395
90615
11446
59811
42700
39006
84227
71899
27198
50214
14759
10336
42961
11410
18942
6293
93116
15862
39465
39902
69023
19019
10823
41914
69061
15702
10818
46311
94239
29193
45109
37577
32899
93600
97235
83132
19488
40797
94089
40599
98378
39765
40718
26946
82147
37905
96830
45104
7450
85010
94878
16808
481
50040
2998
14872
40
37187
2384
1704
17094
83253
24433
64802
84754
73223
56396
23997
90379
66617
23953
2177
55839
62935
70316
5524
76144
1431
86734
54475
33807
13385
54397
22729
19061
55063
72813
38575
44158
94387
21926
11436
3220
64797
59625
67868
87147
49096
949
79785
28377
93426
26019
83755
26118
30672
88259
87217
56809
27025
79089
54163
64401
26096
38005
94381
64897
23065
67717
23104
7921
83810
72588
31322
37442
17985
42502
55064
17670
87933
52616
47194
63147
77646
35784
90998
6744
18919
99963
77337
29657
15048
48101
91853
96180
48222
57382
16066
57712
46719
14042
90859
36728
78203
33009
78436
48772
12947
62132
19842
4273
81879
37026
9582
47365
61183
16659
74099
48604
29410
53852
55123
59183
44361
42363
74068
45196
78061
22869
64214
51315
12848
26223
17538
62170
56211
35689
61315
21045
89707
48826
43151
8886
5499
35009
20520
68997
86541
77902
25745
36875
11243
18980
46297
7584
78733
88784
2536
88183
9191
77481
28689
27261
11483
19551
60473
85550
77706
37695
14896
95932
14550
21368
76651
63117
67202
21758
96397
96145
70616
93547
51657
99572
20317
33726
18387
45386
83598
54165
35280
47307
5673
24411
19795
88815
81422
80744
18168
51224
3070
6126
61212
35820
66786
78086
23395
28634
1422
18881
69327
81432
25773
31889
99401
26498
35188
97333
21468
10771
9593
47456
43293
9480
8401
26649
76341
9005
55364
54394
2704
93548
98623
85369
91958
90683
16705
17753
2729
36249
12411
96606
80446
44203
18746
56655
42496
25854
1887
27236
71260
99354
1958
58678
52119
2453
78829
11653
44440
32284
68411
52484
61900
17434
78524
74881
39438
31014
24828
39492
31719
94131
92454
15498
16357
33157
23860
90255
98040
97321
15584
55527
56817
68385
91457
98539
68308
94396
44637
22697
12253
11035
90503
58557
35708
53480
56948
11993
53271
77968
43031
83493
36284
83965
41220
22700
35337
51470
68143
84063
33489
92077
92821
77055
22267
73543
17184
23350
62027
77555
38554
79856
14502
12318
71880
60831
8811
28277
96724
37876
13698
40124
58225
71885
48212
66882
16702
17359
18268
878
51482
75491
13475
69779
97781
21774
80386
10462
41630
87557
39577
64860
20153
44485
71422
10064
69578
54904
15068
54421
11370
9473
89944
153
48695
2077
1647
73394
74296
14410
28391
44834
40448
67768
6886
64200
12449
88350
4885
47430
44903
21097
58499
11847
2829
80854
48135
80320
39633
86422
25557
38089
17221
31919
8519
36366
22658
56477
36640
21472
27783
68166
25068
39299
54181
90441
45216
30834
89929
15720
45672
97367
37130
59452
16632
10619
35447
61831
90914
25862
26346
10049
89747
42350
21191
26640
81232
29917
83495
76321
44803
15873
22502
34752
49140
39511
42299
97258
90691
13948
87380
82634
75109
3081
90214
94472
38861
51578
89549
44095
73691
78006
73039
96272
58778
34665
17381
56374
57462
41529
17673
19517
94256
91360
26181
34351
61306
49112
67607
99388
55436
11501
31053
18317
72302
68706
86052
2164
3662
63663
93961
95290
28655
9343
75606
46494
65168
74671
66730
68425
39954
57601
76957
26005
70420
70753
26221
67291
53472
54441
42806
39518
95443
36413
93608
83467
23777
55067
41231
30866
34014
66961
62907
18731
65305
35588
24740
76481
55528
50559
55249
47713
62257
25538
24311
71168
70695
83250
86558
6490
99224
7009
30195
81233
4161
96285
26073
33098
58031
14146
47326
90863
99248
78634
37477
47823
29312
29733
4784
34322
8076
21076
85271
52584
77659
80455
28972
24129
98466
37330
58177
65533
40148
93882
26798
44279
24105
33150
44710
68811
68264
57711
96015
8858
71244
30651
32790
4644
94302
20812
45411
69543
36649
33483
94519
72227
15992
29906
60113
54373
99875
80327
52171
15223
71325
20734
12416
52713
48371
99033
87771
70704
71189
24032
36218
32126
55690
62142
83017
16127
51398
7331
73168
14408
17785
75291
37771
84365
52268
41697
60007
18675
69031
91874
84616
26079
83139
55253
30064
51593
82443
5968
59140
16525
54666
13402
72398
72038
73760
39211
85860
50927
7834
20968
48445
22791
18078
71093
874
74132
49141
76971
74200
29987
84166
91015
65952
28359
39404
57577
77689
92351
35279
52468
62373
81708
10591
98228
38958
55636
838
28257
85726
62461
22245
39033
34961
39286
2221
57128
99599
91065
47555
17537
66414
85647
66691
12029
98984
9080
34808
83491
34247
6979
82282
91959
68163
87871
5959
90891
99669
30584
13687
12793
5166
66516
41691
38563
46951
87948
95252
86271
11963
7577
68406
50412
45607
48007
87886
95447
63341
42198
63456
51524
39776
92614
37636
39364
86307
30955
56432
70224
21920
22476
11248
44760
4393
67181
54217
56163
40129
18738
47392
36863
11827
29331
24166
60470
63380
9766
61332
30024
49587
80826
47226
88743
75457
36178
27142
16231
82939
67730
80110
55087
91180
74552
19024
77896
35529
741
37315
95376
46339
89873
61015
71990
67863
12340
40222
83170
52162
25676
37915
86206
6010
35410
20464
14764
99712
26344
23014
28432
80863
77910
26490
48878
17541
60129
18895
76422
58289
42659
31233
46377
76170
68269
88241
19121
41020
40507
84884
5686
24199
40906
97723
24795
15938
26146
9213
7853
50228
72274
42185
10702
54567
5254
25130
90446
54572
19589
98929
81701
71846
23612
79195
12456
97377
53006
85832
17235
1266
91321
65271
44445
55352
49005
6262
63768
42141
90789
19379
18117
6480
49239
59092
47065
83586
82618
82476
49457
36031
15324
20091
4561
23686
74287
97388
46356
90870
33478
74746
68669
19116
40993
32809
16649
68988
92793
89689
18351
70204
38185
11185
12570
46495
64809
38990
85736
55012
39084
58639
29068
1462
49176
88900
71980
607
14621
70247
38584
99417
34806
6669
83765
28322
3778
16265
28075
32664
51043
43089
82612
10046
83061
58546
63887
74819
54000
78464
85190
14829
48984
2
19312
44391
95887
69984
15005
29509
33400
5107
56595
17079
45826
99366
25443
6645
78525
13551
81889
49359
81841
92214
6137
56303
31185
61169
20922
40761
59120
91143
15432
27481
25218
83938
22413
44054
58791
63583
32981
42194
22687
9611
50721
16559
4153
75128
27764
46314
35065
65867
60088
19185
51143
12225
5257
94449
52326
6557
68304
18041
47473
70052
79972
83053
74923
97446
50429
20268
74113
62007
54741
28942
92615
41210
80268
52335
40075
71901
52511
11594
41064
18238
99775
55376
59356
7821
75256
60316
41709
54130
56468
23252
27840
85802
10219
54167
46987
9193
51479
98828
24137
76074
43789
68493
23893
45913
8447
84049
79896
47541
79457
36008
83187
22041
64234
3824
68499
11057
99280
9418
46677
89415
34066
84498
12701
160
34705
13213
65215
52070
17860
17419
4585
84551
47313
26379
22707
36419
46420
61750
3011
82
6863
21366
22465
21036
6326
71501
41128
33958
69335
33647
17432
99967
85621
14666
99827
98407
40161
57176
24788
53911
47081
36930
59751
66881
3009
71774
5566
59903
70233
4514
56255
83816
6627
71975
62835
25365
48870
9695
87669
56969
45677
10344
42838
98440
53994
61553
83412
65839
50463
19148
30475
56421
59454
3077
29989
30043
11134
68852
82807
9456
79121
22886
47108
55987
48662
14878
80997
74043
86388
98769
25630
70514
39836
37557
49051
7083
99958
37343
38201
36897
13191
20333
4171
4867
29997
70966
736
14016
85285
38208
53384
47395
45781
63842
29103
42922
63856
19518
28260
17124
59162
95901
78427
41983
24093
64384
32294
61257
8088
11115
58215
21848
77758
27576
43633
16532
74631
58440
37183
93517
99912
38184
7482
30259
12791
78146
62294
62477
52934
80379
56762
93204
55945
71374
63895
4646
1253
3609
24556
56120
28059
46544
88316
22838
72749
86716
65341
72912
62446
88425
37076
48267
60625
77206
29478
70468
24198
53760
66268
93976
21985
38468
5540
75372
37259
72371
73534
3579
584
32305
19169
6357
1202
32928
43520
85743
55455
97800
17042
80201
67869
17396
52191
69142
70305
84202
6115
34894
13322
92233
66732
43003
90383
52444
40629
99644
62360
67510
60135
44904
92830
24822
97498
56025
41765
69601
44248
36996
19389
98928
56446
68148
55941
14104
11175
20212
98739
99749
12738
18288
42703
89045
78416
84218
57671
15830
1910
77276
17098
3048
95
92954
42713
55675
97752
6371
89606
34038
33785
18205
59387
54667
78129
27586
32531
39131
51391
45863
75243
25307
59036
99055
44902
79994
23535
18961
25579
92275
60301
48677
25364
40399
21038
61924
39589
7313
58300
30802
75626
29791
737
2001
73920
21882
16102
36157
63008
16456
29694
11040
79345
81869
5701
62009
60439
77321
56600
68566
85117
62540
31573
94955
46137
22262
37924
95965
36892
32838
45052
14371
23412
95931
19376
15878
14585
99182
25163
70672
22303
25081
92154
29033
62356
21834
64794
32409
98015
49237
68011
12419
92502
77126
89795
52071
87152
93639
7497
45082
6195
98479
8480
14671
64975
74338
42076
1278
6900
39182
90595
32819
71131
31178
71272
15723
9411
86119
94376
99203
35765
13785
7995
29608
91697
36805
37352
86647
59535
81631
29149
58123
88415
74975
49414
54776
76462
33081
28224
87755
72066
87786
29323
92833
92333
99849
37014
41214
42211
3463
99972
63525
50174
72822
82585
23555
81445
78751
36081
29837
11346
26868
40180
54682
94127
29803
1727
38404
5756
2594
16214
27812
65784
90951
39856
59006
89617
78728
15419
99789
28415
39542
69760
9102
43227
92157
67772
4719
71900
63457
39562
24054
42300
49559
83249
20559
43191
99668
38621
18737
14506
98422
82393
20109
74399
3122
48516
831
66682
4476
20783
48455
4896
67192
86670
81844
43776
30278
97381
56065
10129
85887
28565
65814
774
35791
15703
26828
34179
87990
64587
16361
63213
46926
43590
790
51343
30274
83399
53927
69251
60285
90330
68869
32886
83769
7791
60740
24759
76425
81572
18465
57333
64590
92489
27689
86005
98471
99582
51232
10183
92559
33092
17163
58364
42723
10704
28191
89651
2697
77105
16167
45457
19981
74065
63426
45987
68256
21421
92903
23378
81229
5638
1568
27882
95809
11873
75421
21301
20853
24813
3516
43778
65763
65569
53850
73393
89530
2904
57696
27588
61206
68392
163
7648
10728
11471
37727
85031
54989
62121
73504
60545
60345
35697
62846
95106
36903
43723
99461
3361
83177
15864
95170
48417
20196
72929
88227
7368
34315
80113
30130
33966
77137
43544
11881
45499
50324
76091
93397
80896
95842
41792
4165
15385
2806
35220
30523
44780
52704
52825
13398
20402
95865
98172
79006
22044
46671
54813
74376
63537
29633
31673
80949
91205
4809
23386
58386
46955
37263
92485
73453
2098
77530
87430
78778
62869
99351
20425
2145
66927
77796
26086
83950
21398
11450
13296
97938
76972
48342
60203
6621
25389
38956
58932
53444
79678
3805
81392
64950
9445
36697
12105
47775
16731
78551
20380
6035
3194
83357
84391
62390
46894
73573
29928
67614
77438
62640
79955
41320
72311
24932
9513
79729
80951
90146
32694
98261
4345
14014
14488
56436
38395
41610
19917
89075
47649
71392
30056
84390
44371
31444
9166
90061
77030
55666
62403
49836
6074
63473
86724
66601
50100
29558
96457
16225
65669
21910
22661
41173
65364
59336
4988
76180
77272
49199
16589
1772
79102
32490
42459
24798
25009
68462
1923
97314
99606
56389
20512
31840
21766
85816
17447
67323
70562
61518
96689
94050
19895
10543
34482
6560
80928
66582
93180
85598
20809
28995
83268
42589
59713
54036
70442
76560
78754
73525
52118
81190
99920
58136
15092
98600
50152
52810
91778
80478
69043
3478
99941
80736
1660
78202
26977
74462
75781
7717
69995
99521
1851
47684
25474
16760
61643
13340
93215
49057
62820
13570
58949
78229
5777
66742
52871
10930
51619
58783
15009
21376
85433
30682
1127
64243
88759
63436
93244
30042
14073
89420
22525
69099
20331
33236
60658
96895
14258
34525
74728
46651
25069
73027
71141
90364
25125
53556
78879
23091
74722
88502
34579
78418
72936
58109
7181
25772
38970
91704
35396
45731
29872
90278
32073
76750
23959
41140
77547
37398
26602
98974
83834
2262
8524
7098
7016
73978
14536
8810
78276
4188
62393
20585
88753
19979
65811
43679
61391
33525
44014
86483
94698
10789
30775
37798
63617
9855
2978
55949
4268
80187
5789
88389
94846
88448
16482
730
13245
80045
33117
61328
81095
61803
65309
69549
7630
3279
39732
42177
55120
18029
60707
8509
24219
32506
41711
70995
687
13374
26148
42890
92778
985
50616
94221
21087
93377
8089
30734
91521
32735
87925
77782
85022
37693
82684
65742
13880
86112
5083
485
248
66562
68590
5290
69538
47832
6261
33801
29002
32962
25425
75868
47593
4831
24237
61801
37757
88530
56155
29286
38643
22710
17417
8259
4619
16779
3998
18539
69690
54458
86255
37749
64972
10841
64924
49502
35707
54595
33241
42053
70626
36788
7604
40368
87173
54601
99211
83504
78661
47582
21545
59347
90725
98134
4685
80614
82307
63499
95975
44926
87137
66187
11884
1080
93090
83233
40515
49582
14020
31124
76676
1381
88765
8647
96739
20405
47728
41294
72359
8139
50868
73275
60039
21490
65373
35888
81967
11666
20792
36623
33554
28413
66375
52685
16786
25429
4253
10357
9361
46084
4829
31068
18630
63541
88534
38112
97559
41730
33323
39265
17391
55259
5884
81573
48146
83713
80577
4825
82245
54487
16269
87062
31864
88106
48753
36910
80301
61172
92591
49510
16852
90453
8848
97259
14477
59128
53538
38573
53098
97933
17798
72966
65114
83319
54277
17956
19217
11602
92647
21905
19384
20361
13611
98291
6129
4250
69891
66168
52323
6090
57294
53587
36040
99311
57428
40205
85438
52082
99733
9805
66848
14953
94326
50336
56672
38967
78577
46748
32535
23954
13597
87320
94014
17337
5909
66615
61960
58666
87869
82388
32436
12150
89313
260
41560
76380
85434
78662
19285
68850
94875
52243
76964
62549
74698
19539
15712
92319
44121
44497
42740
98952
69987
88721
45254
10811
62953
4578
70726
9113
50984
19198
5398
22768
75594
21974
69633
83463
24420
2055
23222
90247
54393
71843
25309
77448
65979
66234
51914
43483
37989
23875
32285
36202
9035
75951
41228
90246
6629
24097
18483
41617
98633
19244
73324
5153
66329
31397
669
89783
57124
25530
64392
60244
76770
90936
30525
49087
27392
53281
87567
60550
57875
15070
79496
73784
36962
42338
43992
96408
58673
2307
16504
4144
79140
82178
60217
64061
92254
78336
54288
50886
40238
5506
49989
18422
50226
62029
90477
51866
18781
78222
6713
53046
47488
11521
98298
73162
81669
94645
9396
87681
19421
57981
94691
91439
22787
5196
3100
29752
20629
81922
95034
68000
24486
7797
37848
98384
63605
8183
7492
45680
3147
5490
12573
50632
73552
77141
14908
48022
73381
22317
23195
96847
3966
3595
23847
10524
43884
42539
9272
92015
12232
82844
55069
9426
28314
57974
71190
84899
58823
48632
52817
1619
36870
7952
6755
48969
738
84100
30707
90662
55420
92362
22297
38052
17240
98804
25945
67879
16256
49632
64552
91003
63965
71061
65164
30455
65178
95591
5055
80962
48670
74229
32670
43318
92368
48625
79070
93769
7279
46456
87730
86211
86491
95005
22723
91452
62490
50065
45238
10035
40739
83552
52110
17196
90142
4236
20275
66141
95603
36351
60246
40921
25908
84488
97160
84898
59460
44072
84491
6704
26635
24148
38887
17661
35116
46765
96566
16485
45138
85389
54108
58486
93193
78095
59230
16089
67731
99565
22387
35012
20442
40092
55149
56977
25735
78591
69304
85349
80954
21887
87480
33952
23909
38380
53181
73835
49463
17024
33585
37971
93441
15805
73238
86409
9651
40090
11647
93425
11227
79668
62592
28015
5289
3239
98390
77900
21859
39360
2347
78796
55044
50102
58580
91108
92999
45664
67254
54576
45233
11135
25232
55390
62227
24474
61885
52775
48599
46199
58599
95930
26940
80778
69131
74271
60199
67024
91212
27441
95771
30054
84799
75066
72996
85672
67692
40715
17128
54839
17423
71621
19663
11408
86497
5906
88466
22937
570
57663
37120
67004
54438
39329
9937
13649
22863
48192
41601
24429
86441
39270
46998
86674
56191
77485
54089
31327
55552
81208
86020
34658
93445
20393
43976
90514
28100
43771
32486
67715
74472
99207
94090
21372
33712
94130
64050
48853
33484
37992
76832
1048
95908
9393
14351
1449
85640
14386
96229
15218
14845
37421
38425
92358
88627
48659
97135
22002
62771
91776
84729
36264
6997
72318
54178
53269
11790
94029
55337
36486
84097
92983
99509
49061
53866
5426
65733
56418
52299
59694
36596
29153
42330
95002
78961
43921
88973
34240
39379
674
39636
36597
11229
48902
53136
7693
57442
62352
31972
79664
81911
95859
70429
56546
14019
69598
95652
2296
58456
49805
44038
97443
15361
88767
39248
63314
5432
70886
51973
84322
36119
91786
33856
4052
15264
45359
57033
28459
18610
96154
8238
9482
47656
438
84549
55408
48036
19227
70894
33360
54417
2084
26257
72334
26901
67881
82626
46334
82620
85305
94679
92654
58799
37243
1472
94614
32140
90815
40493
31892
20272
10795
26424
23713
47394
21546
80349
52229
73090
84784
44768
10793
54213
18396
93459
4523
68698
59464
4225
83860
11620
6016
73433
89625
44679
34736
37375
66974
65986
44597
77069
38423
50130
87572
19848
26970
47987
36433
76495
48521
19943
68817
94959
8045
73533
56183
78692
94444
91899
71894
21362
47529
86729
6841
75477
11354
84561
49165
36110
42987
93509
44430
66127
18521
21738
49650
95276
58560
63153
26952
17969
17352
60253
15586
87159
63879
88999
60930
81069
50565
32183
29202
75314
77468
16469
96273
30035
5966
94769
85128
30997
84494
92415
33148
70158
98173
26865
12004
25404
84340
16927
70803
35262
24280
20511
90641
44664
6677
40439
73614
8267
49346
27143
74284
42522
48809
40585
35575
53791
52442
44862
91059
27986
22669
86472
2351
36211
8017
31242
22433
69468
47738
32141
82423
68031
35932
60861
68112
74686
27150
89048
4954
23208
53988
1358
90722
55061
74707
78379
42413
44907
38694
23096
44229
38721
39913
33399
7734
83558
75614
7935
54703
37425
31200
79281
63787
74160
68595
14516
45344
73095
83837
6555
68894
90264
11000
60165
58936
74850
11714
96764
17511
59030
49603
73264
44465
74507
81294
33719
17684
38007
75899
76993
83284
61539
17690
85430
97713
69632
12617
47490
34011
52416
216
30508
81897
79544
2940
87633
41178
3734
37196
50496
65394
74012
85404
77692
31332
29992
70645
41663
45056
18430
68363
6998
81284
90174
36615
30201
96239
3831
11405
79737
38781
14423
39470
73883
14642
6626
7757
50161
1498
27962
10288
10114
8334
97736
42693
82532
90842
64775
48015
56267
91615
65850
27022
40376
33610
30403
88992
20045
82013
98914
56061
68749
13515
57529
11704
42939
35692
18075
40080
6623
10265
95176
58540
63783
4611
14515
69136
50448
9541
40907
70922
52705
82693
81656
52157
44082
48491
19007
96321
78402
32845
55626
20937
79127
43598
8891
75334
45365
14555
86969
47753
12207
21073
14822
68606
44318
87997
50940
19498
15079
2957
84504
92331
77754
3350
36645
92153
90823
94947
2312
80236
73610
55919
71940
96948
87393
22242
36695
58664
24773
43578
48748
43977
2635
80482
64749
34228
44728
56534
35035
91807
22361
61704
88452
83889
5827
20696
5164
35045
85377
75948
85037
71320
49888
28133
47346
50327
78069
64734
82607
91132
50769
29732
16870
35910
54653
13591
3157
22147
91460
62218
46610
29571
69117
35636
85578
78824
3933
4945
51241
17542
80228
46070
63782
61651
67640
61792
22808
36319
83056
77475
91876
79062
26605
29806
45639
74679
97857
26200
69725
68658
84914
43747
72941
28991
31136
76048
67957
14932
9771
69306
74294
7799
19748
19669
66705
92896
94437
60322
950
74565
73624
66901
64529
75132
93782
92404
28236
92637
42323
92791
31094
22057
66604
80590
42857
2131
1405
12252
10950
25287
96163
55536
15379
38174
86294
55927
85627
57007
42078
97754
64407
73036
76129
3428
37470
72801
15617
59492
45267
67257
6240
95705
69644
30027
53125
1353
41319
69864
27133
80146
58449
67150
4853
61040
12298
90844
82576
95074
18501
37945
827
75388
21195
32812
88305
86833
31084
64918
20603
33993
36221
81265
72332
9679
33314
48568
69973
39326
11922
93640
48081
22660
32656
56746
53120
89738
99767
37150
51277
1370
46891
2440
79369
16170
17928
5327
53319
54585
43704
84610
28122
43098
61937
34243
37214
63747
97016
66673
46546
94619
46200
86608
3947
11492
65635
97114
83778
12594
81032
69497
25419
13421
89009
28039
41443
32754
1537
99598
49859
74837
7831
97682
17909
50389
96448
44822
61054
88006
82835
41099
67631
94974
69483
12694
50789
4450
24175
96270
41751
95257
79778
57982
24669
53661
78548
16776
99341
64841
35675
58514
32724
26179
95239
84810
83175
39436
28687
19478
77034
50143
15059
54929
95800
9179
7928
38161
59616
62503
11034
37747
3603
52979
79720
86153
15964
26627
13856
86458
23305
78062
78926
92457
83726
5214
67009
46461
1256
4517
21392
47970
79900
18797
52947
97672
18893
7161
93792
39105
41916
43466
63813
97570
84649
15986
52711
5610
28796
1265
36564
37102
87157
48715
75142
26694
29846
87114
74070
99
395
79692
58084
53878
37166
39390
12856
87708
82457
33745
44577
42150
33685
67019
69929
48803
12731
2474
32156
25376
36990
23251
3761
31106
93902
71143
63518
80252
72006
48054
53572
81180
15524
58411
84302
86672
73498
90731
95076
98730
28305
84920
63672
68173
57144
27214
14915
11441
2080
57006
4142
38454
51616
50854
28208
61010
26548
76780
43124
46596
77509
79645
22935
6566
37817
99703
81458
22307
58053
61034
37416
80253
29031
40834
29089
43137
32209
4530
52482
24064
26338
58097
2721
87460
31837
38950
46170
31576
47185
47941
46195
80166
1167
90421
86170
63538
97340
27293
56613
16558
47281
19211
22336
20823
12603
90172
91929
42166
33303
80129
54483
61017
74073
53900
25835
42190
38138
44625
88862
63135
99899
78330
61986
12884
5302
90057
74442
78921
27538
56323
73008
50737
85345
15930
97581
94323
55475
49729
81921
31491
8100
18976
76759
41051
55791
63239
4347
7739
55228
66154
18374
49846
59617
86093
45533
15947
89608
87525
76953
54719
43422
51630
22168
27196
21642
72843
24589
98424
32647
40244
4983
36129
997
16448
13898
98340
97897
81005
47258
18873
81147
85840
64684
62085
9141
8506
73416
65736
57139
57087
36037
9747
59868
97536
77540
32043
20966
55370
41851
48888
34652
34910
69641
34711
30308
17176
7574
80259
2487
51612
78607
68754
20933
76711
57149
90483
77421
99685
71483
24438
1999
32106
46248
43683
73212
21459
2769
94445
77287
2899
83619
1152
42605
81383
75172
19036
23484
13190
87324
24031
62553
24700
58700
38247
24530
6288
4876
16853
82531
79842
58064
61648
58140
64469
20801
93646
35289
40850
1721
85384
65714
60650
8068
56486
55238
4133
22234
71700
51686
52354
44336
28084
79564
20159
14432
64473
84731
75800
89730
27420
76704
27359
46444
8680
88612
59880
24591
89879
16552
53815
48600
5819
82702
92655
73911
93067
56165
33843
4883
85127
94095
37409
40650
79853
41881
77219
17409
13112
61412
98113
41382
74739
53193
9273
31292
54470
6186
95369
52355
76670
3431
59783
61615
54105
35312
18444
62642
44898
77884
44818
405
49178
71169
4628
80073
61646
24518
72773
75417
87825
18843
79841
96455
13246
89522
3886
65490
32836
61278
69711
29647
45208
17887
47113
25215
29816
84231
5918
41068
91910
29386
26615
22634
89607
53643
83292
71916
92634
96530
23315
18640
97454
81910
87340
31750
45378
53473
52961
12386
8213
18022
41608
88439
62610
22039
9719
72761
8787
38408
96935
5942
3910
25744
7688
20779
77774
72150
71433
94111
12652
83484
92930
91665
80509
26272
38502
50631
91145
2827
50066
98371
12955
4822
12833
90724
67747
40821
36865
6304
57138
52098
65676
59370
43120
88795
80966
25398
7300
11793
8544
50622
89774
42800
39979
15097
23490
98410
78842
84555
23485
98027
77598
49341
8433
24946
95029
64423
53521
63881
15560
6596
47782
18576
11853
11478
45885
91353
4471
1865
93947
5271
45534
94579
48759
71292
37317
30312
55271
27019
70053
44843
6346
30085
59333
3107
97395
99376
66397
33073
65222
29847
83163
17546
99141
32099
39340
64155
42312
23782
97383
99915
25294
96994
21407
2480
96859
6641
96900
6247
85727
50776
73237
91743
38892
46149
98386
40964
51449
44900
94259
27222
21523
32608
70034
60710
7212
71129
3042
5951
71436
39037
44846
24150
63157
69765
42475
85575
30225
16278
88244
71814
99169
27598
55196
10355
99331
24140
62605
69751
45239
17831
21976
62054
33605
16270
76147
10602
10924
75077
21041
63409
41275
59883
94771
2407
1445
90375
34003
19444
71877
3750
69883
33199
24748
67041
27934
70382
27539
77455
24086
3418
33576
18701
70517
36916
32896
44325
526
63961
92802
20019
4866
97158
64331
23152
68082
48951
14920
98214
8245
51377
93014
94864
29582
30790
98516
46595
70844
31120
44398
25320
51852
519
99213
32977
46637
5879
8460
49672
73944
55566
38081
92058
53623
70901
76190
10652
46913
10876
83542
24789
65521
50094
93115
6322
82640
26172
7785
97080
24192
97059
83106
76809
81702
30338
4401
49118
35727
45902
40327
98757
91541
87133
34253
61634
25442
75159
1032
97425
55858
94742
80008
74008
13439
45653
22343
4459
26130
23358
61104
82601
35256
99856
2207
90049
88715
36440
16680
19442
4588
76314
31082
75713
97281
7535
88432
11983
47432
59536
67989
38831
93868
23188
82479
41279
39296
82030
82771
91730
25928
73256
62162
9738
93775
7012
15476
33443
47293
37593
26939
76808
35137
2821
60609
87392
49785
35420
683
86960
17796
75644
83813
50767
72972
4233
66716
80149
55555
96291
93483
97998
60963
82400
28838
87936
85183
17864
96489
62145
350
53433
34613
4434
77188
98021
84828
54132
27195
88829
98731
38348
85729
94978
30718
88486
11573
78822
937
71265
71437
85178
2767
54799
60367
42835
72328
88035
39717
47652
40565
27165
56869
17450
71460
35905
6091
35021
97153
80934
91076
67782
3959
96853
98584
32152
65310
4857
81103
25445
16262
93521
75450
79738
50420
87741
29295
1645
1051
69341
54815
64054
26477
37791
41456
61505
40113
74476
85489
15233
28164
99846
72838
46601
24094
13833
39113
52060
16911
52920
53212
53991
51147
56118
34619
37483
24418
94942
829
68179
69189
50675
39766
80926
21145
61587
12288
82201
4795
58638
24661
16640
13960
40132
22999
66012
44943
71332
88982
66989
77124
72233
37983
38487
67011
10853
6037
21291
27573
13090
71585
25190
84346
42773
43589
61863
71790
24435
70840
23754
16215
76467
51897
85907
40269
26087
11985
58416
29658
41216
3523
73999
82828
81276
35662
38590
21122
8847
89001
88088
43399
21659
15905
80970
7765
62981
44321
78811
4255
54729
29405
49533
12402
44821
94682
42157
53924
66666
59368
63705
9266
97791
64045
69460
55513
75004
86958
5060
89167
91192
88171
59525
41556
37304
64082
50211
97491
65332
95916
78776
78268
29205
48353
93844
10951
54127
62687
51786
43548
65578
8669
17559
72343
91223
81764
96496
83697
17694
28289
35795
37194
7764
69147
92562
21677
85625
89612
50985
61107
74075
9768
28674
62151
83529
90584
13946
11335
46094
21498
15254
56986
21058
89827
58251
44115
39136
41676
82463
48766
23788
81522
23544
53388
51825
87629
93381
42677
51930
23100
22893
65301
68051
99013
83402
53082
37896
69300
14180
34419
22859
84522
20737
27836
64840
12418
89095
78133
76817
40701
74523
46793
93941
50533
91974
78195
58931
24143
3938
27248
25382
32296
44730
15211
72526
36330
29689
80797
55824
98811
87353
42937
81008
64240
95084
97380
37401
98700
20835
57895
71922
83683
49321
84506
33025
63679
93771
24523
79893
11935
93101
77858
72477
82740
97558
49898
71597
5407
46590
81885
43637
53879
31803
9236
94419
51587
45778
76806
99305
64688
25887
5397
29171
76682
56096
90115
16551
88100
76769
58319
36194
3893
18482
61482
48558
1656
2629
2915
96814
54210
87291
7974
20630
24839
88787
97862
37783
5096
95508
14162
23987
49636
51174
28137
47939
56560
18954
57084
7145
75386
60121
12803
26888
89632
8067
72701
15827
88121
1822
83948
8482
14617
31756
6943
28131
77454
71796
74162
55586
25296
78072
507
83188
93367
52272
98844
62094
92669
34313
54232
17994
33943
2902
46056
30925
18711
34776
38402
72176
28705
70421
83066
35978
48645
72100
40710
44700
44226
38947
33713
58712
21776
90076
2668
60297
46771
69935
28152
69044
32492
98317
55733
52998
8860
39956
84053
46383
38103
89854
19378
43846
44621
26507
12319
82456
3420
29038
71518
11127
19502
55645
83513
92720
25138
11255
24503
34215
78756
22201
26405
67184
62095
45437
97072
45273
90801
52904
8218
98868
17566
81820
76254
95504
83098
1027
8190
12948
85534
89306
80256
5347
24449
87797
45505
99892
58520
90344
12769
15335
98784
95328
48484
64132
76325
53118
72951
16511
88375
92716
94305
7729
69226
90974
88270
3882
17770
24998
27082
36380
88283
97214
66642
69686
90707
31235
88748
10240
24197
99485
23202
1953
88869
32115
91346
44364
19565
23072
68414
65695
70965
84429
19182
83442
77010
38568
39571
94169
12548
41011
40688
50859
12097
63882
2510
15457
66576
27828
2693
47009
38347
50188
92300
29614
50270
52776
1652
53011
36668
70467
63006
63945
20545
52831
46555
5954
33197
89436
32768
27316
12042
58492
87106
24980
15166
37942
28067
39028
56865
30485
11785
10378
74859
31339
63539
710
43464
67858
10537
38369
53202
31982
74943
22358
69810
42386
44533
64757
9739
6189
41500
42780
87379
4091
61304
29587
87154
61561
79868
43989
56639
96429
10502
60819
91099
20440
79903
62773
9294
4582
36355
15714
81402
50969
45120
33252
7658
61462
46589
4310
54697
3790
20487
64355
65210
19661
48693
64285
59597
75711
1183
14249
84671
89802
87894
91310
10360
57687
8463
1182
36176
17269
89752
70584
90279
26714
55163
15418
42866
13894
57847
5267
46005
59519
33894
71270
78497
40022
22725
34098
95420
25795
98710
68035
27819
72603
76245
91672
76514
91705
61653
17593
30851
17494
54317
76834
968
71655
71827
20554
98429
90753
89288
57465
40869
3974
34607
7226
64748
47054
9769
30604
43654
73349
52636
55081
11786
75845
21439
13038
99136
12918
47501
83623
76590
71979
46106
79890
73496
63927
7357
20608
99071
2260
75116
13015
33406
30662
52256
90299
93359
25510
73914
62843
69900
44479
78012
94853
38365
79492
77566
78196
48324
10882
62538
49607
72315
89466
31260
45230
61891
91619
99597
4661
29294
74387
29138
72953
81958
12092
76461
45648
8832
56550
27375
99504
1538
97518
9297
49639
4816
29268
42975
76475
67194
45183
1293
70083
60403
13749
57415
35775
87109
76335
70941
48427
38035
10107
65934
94574
67387
71830
92925
39677
37356
54047
73078
73166
4132
67543
51311
47653
69809
10138
38785
21644
35965
81650
67423
36022
56649
31984
8489
47926
93981
37385
75433
75934
70512
10381
4007
77876
64028
47880
2354
6679
60034
3182
93423
33358
20739
25547
41681
48653
70398
6245
31176
51981
64450
95305
84301
24213
9717
52327
37380
95507
41922
63778
20946
53442
66664
60678
42957
51266
32069
51358
17912
24965
24909
73301
79323
28256
8780
71150
8323
15135
61154
71935
72871
53369
29747
83966
48961
43877
11092
56956
18376
20116
17357
91316
94357
98527
23054
41520
20982
38582
71419
92218
18092
40840
8790
74461
97798
37642
69038
48797
91986
40006
82495
64437
36210
12763
93072
77828
19510
36899
61031
49927
64780
98348
4079
78365
83727
63308
29388
1626
23145
17258
81978
50247
7013
13821
38499
54099
2576
65085
5624
21320
78023
56297
18646
35605
51067
75255
99217
78859
99651
56149
1420
3405
21303
24009
21112
72408
10024
47171
528
32027
96932
4353
15469
46996
42741
22630
87870
82487
79181
88004
44401
76586
72770
53143
78514
18010
67998
44647
82906
97865
55399
85106
44306
41021
82507
9607
49233
72028
10181
75081
65423
94171
23770
56328
51752
89906
97056
1697
11948
23277
76877
57208
40909
95606
48097
40511
99058
21543
63556
24467
68450
19860
24652
25643
7789
92503
1231
53526
23031
21125
46109
55463
64882
410
39915
70491
30167
6443
22085
70362
13904
87983
76819
29162
92342
14129
51263
57550
48681
79725
53794
44632
1846
84581
24877
52802
4929
17782
53075
95912
48903
44480
83913
19819
72802
71067
44385
62970
36035
25700
60157
42743
11589
75048
7101
3732
63082
75866
49694
5992
37914
9707
65230
59325
37341
59462
9704
71753
43891
35101
8552
54215
46605
98598
9074
58676
4325
58603
38462
30788
6329
57816
59149
24238
458
38129
32800
27052
73657
61343
29050
30314
86889
84872
57717
10351
4972
96762
88379
86494
85648
81753
42215
48649
441
46527
65294
68266
73189
65251
49798
78412
1469
23597
42870
34369
35760
35814
43553
88237
40827
57939
14438
68552
69639
28929
19680
8957
95283
93463
50180
30593
48707
93419
18020
31371
41384
34092
54629
68689
65405
20675
77785
61994
84846
4933
15913
90718
33954
21590
57472
40424
58814
34238
68429
53868
58583
45174
2678
74645
57024
36450
7856
30649
21615
57376
13309
30884
446
60130
92623
48869
23436
26360
99344
75729
99474
82273
59218
48485
18280
62453
51096
6307
81518
57863
64335
80593
64293
93990
84918
87959
44151
1754
35362
55803
28048
75860
68837
10526
26386
52050
26561
27813
74915
88339
41217
64122
43291
99577
5362
33330
84794
27112
27950
36563
51218
87641
20690
67898
81655
26455
30611
30398
86120
14554
38631
61250
47644
11760
83103
17870
88773
56085
72828
24697
32382
77318
60431
49419
86297
99192
84276
83329
91017
41066
89725
25461
34935
42202
93770
48271
62526
40716
28348
99629
95406
73244
99038
50086
9829
38376
807
41371
14327
65913
48989
24784
29111
98649
71367
61504
92040
83144
821
84243
86177
10010
52995
82366
41177
36520
85981
61105
26003
26044
103
54448
67741
94673
70485
96497
40787
71838
65044
82056
714
34259
56791
42031
41047
48820
20840
59371
10487
50598
7370
83742
98955
90241
38123
886
82344
29078
33701
96046
59606
43630
21035
96770
47721
11804
64686
14776
22592
26892
95353
51158
99375
46382
4297
73607
64176
12400
72196
69757
90620
89433
72585
75810
45551
55243
75438
24139
78206
17200
22163
27977
2985
19944
54151
65893
35507
11319
53061
31870
15142
67169
55404
4557
67258
3986
24226
79605
61524
36943
14071
25297
89260
27611
19408
34286
49557
46218
86267
41479
56045
38282
34814
16928
22346
67158
74515
76566
52277
1128
5260
91253
25668
90523
56257
18127
80720
39422
26820
13530
23719
23413
3241
19249
53030
64341
28974
32566
35212
82902
75120
4376
98350
82769
17958
58134
91367
34353
93510
38334
19459
6031
63102
42395
8479
8769
26593
58861
16622
70443
39097
6285
79855
15104
69245
41901
42776
83439
38038
12215
75429
28724
35244
50459
48513
22204
13358
10731
95044
99449
61224
72524
76078
90858
32540
10530
78294
20467
37213
74450
18398
10196
71915
41542
26793
38478
14886
42528
68502
735
33201
5025
32446
34309
6733
47074
3040
12898
33194
37312
54781
96833
77208
23771
39176
99543
68384
97810
67421
30695
7614
80646
5697
25753
97681
62433
881
60075
92656
58024
47222
15582
37524
41535
58735
657
55018
5669
79789
6054
45623
67524
91801
24722
61718
8572
95913
59432
41338
88325
33779
68871
68115
18004
65221
33583
17936
22519
5805
54871
47025
7247
45806
32423
35433
43255
67006
6548
81456
82770
29641
10944
20491
19317
60756
18812
35263
21846
6587
87902
48220
56116
21442
29178
74749
45532
62582
46384
5452
6200
17803
83736
64505
77258
3260
76567
18032
37612
15836
17006
5570
34119
49322
33049
86996
22629
80864
91725
18722
46500
67300
99953
99334
52695
9942
23126
88133
16123
94571
85152
31347
24684
81680
44673
53107
98302
13532
25340
99624
3541
5594
72309
82197
20871
78334
2271
72824
11336
22013
67941
7913
17755
13222
30365
31104
26591
18851
45415
74989
53531
62822
46915
60183
98043
42633
81547
20167
34016
99105
87120
85577
36952
59716
99494
48269
34744
94229
84290
91268
28108
36367
92112
80573
8728
38541
8889
33777
58591
75003
62002
31711
53474
83434
59312
22569
88755
16522
31770
82458
98096
99382
24059
48475
60804
29745
62966
4851
44648
73439
69720
31552
88179
73786
63063
930
10764
25628
12750
48340
57977
79982
97726
12135
71869
66319
66308
77457
95337
77310
60349
88824
16777
744
24508
30493
49973
8717
91685
18943
24922
31381
22128
44677
13681
80283
84765
11614
76249
79060
23127
82477
45829
64370
44528
39540
84105
10366
72598
77222
83054
33735
99297
70364
53875
96060
67348
86245
59658
75715
2411
59438
67425
83500
36125
84101
65776
67944
29786
48030
20886
13934
73563
80800
10337
91035
82804
69315
44499
52996
85938
89085
61080
50629
95585
78719
20636
55983
26653
84939
26913
54238
11066
62827
66304
79511
69993
59176
83688
53656
69828
97970
64035
78970
9037
3036
52198
25328
87601
78459
21248
27232
89300
28064
34582
8722
55004
48216
62208
52779
3745
89005
3521
4324
50860
97099
80359
11660
73518
67161
96510
9776
48218
71591
84152
51440
98644
58703
97764
54864
82217
28704
53395
52424
2894
86621
46379
66393
98264
2541
39645
63046
31574
60506
93169
3602
97303
90302
31016
22450
75462
30638
95094
55780
41755
61312
23159
3770
10886
24887
84182
13078
28776
55531
50802
67369
67409
39285
21393
39689
59051
65467
88696
3654
22114
8312
22699
42821
24439
18050
62286
37860
49576
64233
43956
23045
84738
4413
51984
98895
54943
26675
55113
44925
88854
67400
47247
50440
36287
59561
41238
65576
21152
17487
30709
14874
19694
50252
82530
84684
67333
74180
57865
99692
67701
95647
96645
9954
76247
19721
93024
56846
95594
31867
4925
12140
6962
65687
48292
43277
64824
79970
77242
39877
83661
68398
6070
55166
94295
24074
46873
5972
38212
91492
80261
89152
73886
65386
51484
70459
92478
18695
70896
26532
56830
80936
49397
92453
49850
84811
16595
54843
45609
70630
56871
41906
32989
98481
89294
32564
78269
99711
33071
55711
69802
45550
12886
1195
51503
62163
73825
14719
48394
25601
86050
25539
42805
81675
22538
22258
19157
18946
25871
70792
25196
64822
22135
64118
97745
640
83087
32892
44087
75135
18932
6114
85109
22812
53559
13781
88040
98564
14487
46441
54617
25637
75972
6487
56373
18832
94605
91951
52130
65544
35151
56517
69465
33637
79364
30915
5721
9759
25155
71611
88917
81493
84560
783
52595
30740
31685
11913
17552
91648
74148
94773
78868
27765
45256
79244
19270
23819
35051
38732
63066
36730
58003
49403
8085
73342
73988
37086
8646
96266
68834
72994
92712
46901
76502
22803
9711
56434
65888
48683
1984
60931
79952
91069
32987
62998
54081
27407
65828
83805
58056
75071
4633
24124
13992
61543
66343
65761
92544
98934
85194
233
97091
69014
54980
80894
14281
27554
34755
80551
10594
809
45611
36860
2979
20898
63909
82112
9882
11719
18825
79477
32416
23870
1352
99235
20239
46870
95083
20719
52338
4717
69075
50390
30032
43727
33641
30243
47330
19690
24996
99456
54681
23108
13737
55148
69371
20099
79393
10881
56218
85835
81349
63789
59931
37807
34186
34911
68195
92193
39817
10468
10375
11640
93641
24407
51436
70978
16661
70303
16344
87086
47327
36925
87520
60747
8757
92564
16432
1443
82707
37230
61630
90598
4001
66914
9287
4087
58339
26705
16718
95957
94179
85329
73714
23466
16501
67366
94760
54066
79648
87429
72018
56885
64736
56420
3160
26423
17053
60754
26066
6144
20388
34391
9637
53889
30121
84009
14473
76739
53938
69453
6674
18136
71354
30303
75124
25004
33209
72392
37946
37047
30386
87773
40551
99402
14337
28023
82749
16989
34164
32203
66493
85780
77967
61490
8550
55511
79120
57970
46672
19834
62500
17931
69224
55102
84433
73067
64692
92152
63816
72044
92792
92262
96289
83381
16197
56913
22222
11445
13224
17032
41425
20528
35822
30329
35043
48847
89184
95321
6493
5880
48560
9034
69103
58298
22202
88349
30591
40186
54853
31520
77299
84193
46079
23945
3943
52822
16187
35709
10362
89996
64334
8319
99633
31838
9370
94714
43225
70996
15966
92329
37476
22331
45408
97283
60564
23220
16461
38431
29848
81987
25634
94003
58507
25858
48755
7416
76985
17071
58351
37485
11055
19731
49327
25099
35324
49943
17910
72821
89746
29734
9317
45945
45742
62767
74994
41672
99901
84019
34418
79775
28720
17091
8512
30497
76627
59138
72433
49536
71268
97459
72357
62576
502
77335
43512
81234
70537
66737
48719
71821
33061
80069
10407
54255
73984
81846
51522
90571
47298
62598
66849
80841
99411
14548
35723
24924
76339
678
27619
69458
14464
49601
44027
16980
52613
74378
43775
74767
84984
95258
63780
66892
35546
71337
63003
78993
86951
97599
44464
50813
66891
85799
156
71720
52225
41930
29445
70576
56416
92981
50950
61904
7251
59843
14273
49828
15920
87364
18441
60569
32713
23026
23080
43229
24725
64358
7273
24307
80486
98793
73093
91881
11225
56039
18586
85350
6852
26113
18068
1540
52629
79467
60013
21165
95229
55879
22390
521
37210
34739
96460
21351
80992
74506
16358
52387
61307
71322
31661
18993
12378
81861
11621
50509
79899
16285
62375
58394
74278
82378
34421
47973
67608
92304
85102
95894
85382
48875
70929
33324
63140
92543
60202
38558
64288
83387
70087
123
65406
76313
96705
81948
77556
84862
97869
1501
12681
37518
56433
33255
38946
51632
57796
9931
22398
50058
47994
58618
61481
66116
35236
43703
20613
56556
92875
84416
22749
30898
97859
88875
53298
76492
46341
76003
35796
89199
81007
7613
44310
61226
21003
34987
11022
29144
19905
12680
45560
79317
55103
32393
26102
5626
27478
19279
55814
33946
92325
1288
53978
95468
58467
7846
63924
20728
76925
630
30819
4466
9319
69402
11634
71342
63874
8645
1122
91262
57761
78975
11299
69420
81774
6113
46042
3774
84223
77787
38252
47715
41798
76243
37995
57118
90109
22099
52058
56974
49373
68887
10884
72733
2441
38466
19441
75796
80947
3963
45991
54515
46599
86599
11509
60083
71416
77365
93828
22878
8842
85185
54851
59928
7379
8620
50005
91461
30607
44918
587
70522
30271
57485
76004
1302
11767
42847
4487
46854
84540
41257
4126
50681
76146
56803
79521
74055
33661
39690
28952
1470
56881
65539
23864
34265
46486
35473
20810
7352
54382
51602
67014
51934
67683
10953
75275
84730
44674
17242
24353
55970
7094
80402
24065
67108
85951
69750
9259
30947
85343
82919
94993
27937
18972
27332
79764
33926
91054
50149
54714
72519
47601
84027
334
58731
10554
6324
55752
21245
19683
71357
90099
85299
11027
12959
56479
83115
13218
28676
7704
95633
88382
45069
32231
71988
49424
52282
21091
56301
61765
17095
31748
41873
42555
43185
90906
48300
76931
77250
16708
66966
57841
29911
3080
25007
71864
74247
3141
21083
95057
21011
88747
89887
1283
1687
96855
13338
12998
95572
76252
59456
45283
10900
62783
22486
68650
17247
51443
79680
11950
93624
80852
63236
39241
52541
16762
95105
85281
38045
57159
69527
47408
19341
92506
6760
46408
95510
78431
64563
1783
20165
79254
36290
45763
66394
85049
1355
75028
45544
40340
27970
36028
91977
45685
84200
18330
74219
81824
42383
35332
19606
2706
50732
98137
64795
74092
89413
63994
565
19023
13889
68029
9617
62492
40185
50305
31842
9167
96872
7121
77323
8152
64190
6278
38516
52067
56352
36752
13560
72658
64641
35574
79304
64524
65366
58404
49309
14156
86917
34881
79079
12275
28684
17483
88282
64886
50679
99288
26686
42625
91904
24364
98306
7478
42546
5291
43987
80057
89269
69409
84607
99889
31403
30595
23106
52749
43146
3189
81174
62184
98397
7157
61069
65688
20383
54212
24014
93094
91404
38240
49702
24997
94244
4731
43642
32927
34673
72427
53894
79015
41189
58111
10691
3718
34439
54865
26020
54874
1682
64161
57113
68990
38832
57198
36953
97499
63037
71986
47039
27504
45413
91077
72987
79791
43449
54168
20141
49120
3353
84051
25584
63503
93223
92850
35716
15257
17378
41277
81397
2399
50601
86403
69548
1456
48838
83562
76614
37692
83238
97987
24257
40231
23553
2875
78528
40676
54895
69400
42950
38826
7762
86754
10964
48494
73114
63383
85477
80586
28183
96890
4602
78042
41087
42553
14079
19859
11048
38910
68220
50073
96345
93583
65260
88906
86326
2243
4746
3362
16188
61933
49788
94557
69434
45115
84637
43714
8285
6127
268
75221
97022
21950
5306
73626
60982
29660
55743
38749
24380
64447
95109
41399
64404
21070
94550
11449
55037
31402
37836
74297
97298
36532
32391
31759
92022
25768
80471
39884
58340
19248
14581
31067
18076
36932
33379
32762
51553
90625
6419
39515
64189
85862
86553
28465
20077
96022
69387
90250
22206
9295
50395
85124
80002
76287
48773
7890
43570
45255
20754
60471
77235
11854
91075
59998
76051
16674
82280
55972
54318
69956
9940
79291
90650
65722
53935
82020
69573
80505
86512
12103
43699
23607
58726
85426
94088
1920
30836
79360
66835
73466
25581
90249
44348
22421
58894
31224
45111
40223
9992
41367
2180
11168
98092
5675
47958
72292
5389
43152
28526
27278
43508
5059
3630
22438
33464
76513
65846
81016
33880
61318
49617
55180
859
46686
42618
11456
59667
83394
35841
84289
77238
47111
99724
69018
61428
69437
34609
83662
67987
63753
19673
47730
28110
60074
19137
34561
42225
72818
57409
98208
8417
65730
96903
81454
94026
1242
29024
203
21919
63487
20651
1098
47574
28182
75552
19672
64187
64436
79633
9258
86111
11801
41523
3738
42591
53996
10931
62471
45914
91465
11122
2438
58766
80429
29005
85877
65404
23956
61196
31829
10476
60593
64696
4625
75765
77528
38702
97313
24331
77763
33860
112
41265
54816
89659
71271
2057
60790
85558
23434
12134
77524
70828
18079
23453
87586
5517
61208
1476
39501
9799
68734
65861
72734
59904
92443
65949
44028
67534
83046
29019
79515
60036
76687
73033
16503
12655
11538
11117
16048
28115
2535
95180
60356
50314
23838
75849
5653
71187
81868
11390
77061
38527
81060
41656
67576
86145
72019
34475
12041
13813
94149
12435
19554
17975
46675
73852
92441
56173
96312
66722
91983
20507
25882
19350
6011
67947
83569
15153
99961
77833
24507
26365
29557
47426
24962
27274
33750
47505
27216
83297
43454
804
22540
16498
99560
59652
12458
72415
74878
55342
42761
9232
68164
29934
43767
85572
18261
57868
36353
93561
95952
34930
67759
92763
9171
13755
94631
83026
945
17787
16000
66174
30522
8531
36707
42039
85742
89254
69692
94092
83911
2991
489
82096
12437
38009
42691
60537
81339
74569
98017
65703
7989
78919
28324
44002
97047
56709
83771
49675
65866
85506
45794
39911
32522
11038
32036
50168
76791
95586
3914
82874
25788
57820
28057
8932
18360
58646
50928
22213
8866
42361
37447
32995
80804
88847
47140
19605
38231
13942
48995
63743
55585
54426
45235
83166
40364
37574
88980
71907
20117
94644
52918
45696
41372
31121
37865
9031
23187
30484
38909
51493
20987
5765
15162
3860
66280
64144
19939
59080
30850
66250
89582
95844
49923
42052
7096
69814
87596
30684
62889
70196
85758
48224
84002
21434
36587
18512
13564
36797
59400
90348
79092
16390
76116
99130
63925
97585
44928
69806
15896
77240
96491
75656
870
74505
25023
19847
30582
86376
67789
33516
63947
29183
90689
76440
34225
32837
74020
37910
97386
93136
60594
62655
22967
38688
32539
16222
30576
19445
93346
44375
60096
6230
71198
38930
17498
74836
40778
78444
29334
10519
88943
54408
47020
11579
60976
99128
80072
52196
28286
86567
9106
96519
26420
81237
26806
56637
2056
41151
62258
56912
21736
81940
76433
2452
95833
57202
21324
60849
87784
33571
20806
41526
61961
68799
14851
18058
48447
32904
57401
61537
20884
13144
19070
31449
20798
34100
91643
12330
11528
95632
17073
65090
14481
20800
46104
94015
65978
8425
61434
1931
63132
10949
62811
20433
74593
46507
16083
10942
9676
1506
23532
48947
52912
94920
73776
93468
70156
54970
80753
64475
518
13172
74348
56689
59517
25015
40868
24698
67877
52767
76609
51019
58802
58663
97010
82727
7520
67429
33674
35601
52794
18567
33392
6818
81847
85047
68524
9172
64169
77554
1274
65752
49293
88242
82259
79301
34258
99410
7868
73069
46902
67327
88224
41764
66979
79104
45867
64411
61787
5574
84662
31497
39791
86371
49728
80625
19791
9509
84275
56783
82379
27200
92589
48784
72706
93955
6809
5090
34528
30929
95240
87937
6706
79409
48329
91101
55800
48347
66905
81648
53501
36307
952
73145
38875
6949
94656
69474
66373
82892
58482
84401
62021
54916
80007
6402
15682
19822
79045
99112
38264
75544
13729
95011
68517
8247
98864
55097
96881
84215
61939
18612
43387
99298
12954
72219
888
31517
66567
17751
10212
28123
87721
76585
68549
4682
95129
40660
44307
95042
39441
40765
84802
1368
64283
59164
61055
27609
25250
96171
82261
83245
75990
74542
59549
12700
44912
57014
85375
50705
7830
6319
32230
80415
75013
92832
67473
42764
66870
26827
64671
28258
74613
83333
39868
77869
79784
69513
26655
21500
62304
30038
29266
55439
14207
12729
93174
2095
93840
10184
68619
63387
2782
42560
92103
31175
14653
40912
68667
94553
16298
16174
2533
77875
78103
83843
79139
36047
83377
20575
78799
51596
59184
86131
43948
3288
60031
82099
65769
88750
48145
73316
16473
16556
48554
82812
10057
96718
40083
5691
20477
55309
44383
90036
95568
5784
72527
59292
55886
63910
67816
68145
5287
82054
66632
15610
56802
53635
22927
63094
12997
1971
9057
17386
5901
50078
75570
6312
73815
78318
41729
27423
69524
38931
20087
56299
71797
72379
79650
40717
84622
55042
69035
19501
53337
78164
50289
60288
70934
30605
79803
77658
54992
27288
94636
95919
22238
88859
7915
63817
91296
66692
35712
46027
7566
90510
59088
95713
23874
20586
68159
78655
45688
1676
87726
70812
99488
5066
34724
78185
25431
2102
987
44129
42429
20931
90591
47420
62564
62326
38660
34374
15535
37537
34639
51259
80576
16418
68136
53753
15349
48626
79611
4120
59455
8021
76781
48735
73326
61899
32778
34099
24004
19857
93886
79473
87367
1515
14771
69770
69169
50167
18563
66910
42288
44593
1533
37362
4480
90678
41688
36187
84197
65686
78215
28573
59635
83701
3692
66178
47788
92442
62242
23630
37970
40085
21069
1994
94271
54237
35014
9222
73824
2724
40839
94561
33997
63838
14758
16875
50887
83553
80224
15856
26516
69473
5286
5577
285
43368
95631
15664
61936
54434
61475
13936
147
64098
6630
60834
76041
50326
49833
37540
58248
28206
93789
95047
25684
15650
77190
35032
37195
25540
88771
6294
63701
88492
36205
98044
13291
47988
53728
56860
72423
37794
69997
57554
71575
54196
60502
62866
74730
35622
95211
78349
61596
67447
37096
5412
34816
8584
65758
2779
18109
73138
23901
56220
72369
23337
32454
78782
30286
45341
7611
95227
19800
6664
99434
31749
69978
92038
15100
83766
43901
23055
78350
75040
9846
70976
81154
23794
28320
45930
94980
14133
88081
34416
61569
49041
87243
26241
69583
97701
42327
49130
41917
71156
91826
94548
24941
48610
67996
36224
83590
25659
32010
96137
13118
19898
86226
69789
28839
97325
79483
86804
4224
78968
38391
97035
24899
56060
96524
73880
66288
57594
86897
38302
59354
91606
7583
63921
29889
63926
19994
51502
51805
43906
24108
78587
38242
54359
58884
95708
83932
33202
28743
23250
18937
67138
36457
15
44363
38248
3343
16287
21429
67362
7298
76991
3354
1891
35294
65633
96387
1830
42658
63848
99871
77861
47424
78893
20188
50281
93685
87814
44429
79344
41420
633
41295
94499
61100
53150
67670
83930
64307
26551
29753
14695
90500
63326
24151
59595
75737
47872
90824
89961
50487
48476
59795
18494
81406
7982
18336
62921
81938
2884
37176
71252
56471
30644
98083
7390
12178
22253
86842
57642
34589
46695
32129
30741
6269
84790
76738
2209
72856
96044
40624
81215
84981
38784
19504
14857
87424
37662
59031
15395
69756
41513
28229
42289
66959
98665
20749
12067
89007
8024
67990
30076
35518
58262
67545
83171
34051
5725
62230
36920
11972
66366
83512
87186
51437
10395
6295
77294
26205
38371
16625
42607
27785
98423
15880
41902
241
59828
79549
10898
69424
63479
63937
16759
19143
81224
22762
26876
34254
17597
49139
40662
57953
43854
17703
18206
17977
80618
46552
68787
6282
76378
19813
24752
62324
36455
49980
48177
11943
46364
58304
58645
67043
64485
45985
18472
38152
9608
2826
71429
28343
53846
28259
51401
9811
79596
19136
32246
93266
62205
9280
7058
7638
80384
65786
25621
1928
81514
18688
75824
58052
19787
13504
24869
48223
44007
46058
99142
39350
55405
57318
31688
74336
17942
96274
74720
57056
94975
9665
52012
56419
90940
98799
27467
89749
31285
36984
93105
60184
23067
50749
84564
50022
93501
65014
23676
18699
66428
5346
18969
58498
51033
80140
12806
50020
97177
18023
39957
46764
68461
46257
54071
92032
78353
38980
68391
47968
52480
21668
7793
96937
34617
29063
57145
57516
36283
42470
39250
78284
70410
47211
29589
61165
10648
17076
65683
30901
11507
89175
45206
87747
90139
98262
37616
83031
63385
1861
61460
74233
17410
92073
74918
54655
32662
69912
93247
66073
34503
27832
26657
93723
368
63798
83831
6752
15289
24106
74574
1417
38279
9094
40896
6528
81191
94648
76897
50111
84497
76617
53881
21402
62984
11496
77997
44207
45501
10697
19844
83348
93783
42435
48230
4143
97673
96295
97306
18230
63304
43001
83125
85019
51700
24012
11855
32677
72416
96616
9702
67489
5794
88818
3447
34794
33676
90194
31848
87121
70889
13312
25898
93048
32456
56184
63751
30206
53406
70706
75820
55152
20061
16068
16309
66495
92297
22900
68563
91831
64765
1899
52132
105
45419
84058
87656
18581
63339
86668
90966
935
71068
7219
43924
52967
26595
34006
21505
71016
34809
77225
73265
67078
41557
47459
45362
13138
38137
61207
28975
97520
38595
6922
9131
12935
76634
77970
16141
66449
65205
24976
50726
37216
23448
23004
68996
92306
47329
79908
4545
74087
385
37737
63614
66323
71723
38943
6899
48252
99921
84618
29320
94865
67889
85033
17906
46165
13610
68221
36741
14368
49360
8298
82646
70891
43287
39745
67661
47526
17346
64984
17291
43496
22848
74314
4695
31240
99031
74047
14991
44328
4836
86139
3376
53421
74834
70484
14205
34019
72742
26352
65790
64227
49205
13920
57753
8372
30717
12626
83916
17884
62494
70293
80700
76348
66380
33734
64492
54387
57417
94041
24130
63496
30357
38824
46515
7068
38427
48087
46254
45094
57300
85839
73485
88239
79599
47300
69624
17074
59145
60438
19168
91440
82314
45910
41593
22138
23459
5091
21940
84982
39458
22649
85459
59083
80035
42669
82547
69294
82452
26818
58866
93504
52824
10227
70082
26111
60263
9767
2649
49810
90541
12031
77274
3857
90318
74141
44782
28121
83804
52412
14707
4927
66613
74965
93690
73169
22248
37060
73655
8781
70419
36734
80667
37365
36898
12339
63638
93261
82565
82782
53708
29374
32990
7211
31390
93960
86429
24110
36042
5970
27258
3449
90253
77985
52665
60493
11543
44523
27311
78070
47343
66144
8695
56091
70011
14425
55021
92211
22461
61854
14813
66528
57299
16617
35725
4840
5314
23691
76489
85161
87511
89345
47493
48836
45480
57961
61243
58095
38374
99193
84130
37069
27541
4493
47389
21064
20523
31116
99050
49932
70132
19600
30317
81299
79061
11567
65664
22566
73611
93088
63658
31221
1028
30855
92221
84418
97870
10333
21357
27602
62730
31419
18031
95781
52990
28196
16542
73345
40472
38164
73004
35329
88168
68608
59623
49183
53863
59142
9183
41845
95236
24005
43334
25348
10777
11871
51334
84451
26427
69063
44078
17012
58503
52117
9434
92403
11320
29203
77241
38433
96063
31577
99722
31596
7720
6667
23800
69261
36834
85838
41746
80445
98447
29942
91313
61126
37414
92858
35563
31192
34946
60235
6871
41550
5563
73218
84835
71017
13032
16604
51878
37141
87459
6384
4909
33935
49255
80921
54043
51270
60763
30803
73463
67550
44588
11988
19919
95983
3268
44590
73280
87984
10798
57905
44238
67139
58194
18515
48941
28940
41942
74189
60559
60426
38579
75425
77718
88169
63379
9533
94791
51574
74557
47055
1780
92164
70657
44701
64928
31762
44980
88455
78378
17361
7879
37261
88376
57262
48124
73225
40358
65672
54634
88874
19446
49416
40779
42059
65344
6646
53777
20426
53467
99870
96760
22153
35143
95918
65200
20776
63439
27227
969
68432
47188
85334
54104
59502
70870
50017
57765
97900
26932
28549
47345
94633
23981
57838
31289
31222
73425
23099
71876
66159
69170
32961
37323
99335
47152
95724
19745
40382
17667
12077
88407
60524
42635
71021
38449
66890
25674
98950
69933
73204
59884
47765
97925
30310
88300
15176
29369
87808
98337
43289
22650
76318
6954
2616
51260
5219
47918
20412
3225
39301
61923
74748
92764
9048
13818
9821
45339
66978
80321
65047
5479
70687
9545
18338
33821
83600
14261
39185
78934
69101
7858
64650
9417
94497
94740
62527
8170
22659
18995
83140
67395
5832
95027
3691
86251
67981
7334
70289
38332
17951
32018
87909
40704
23798
78354
33744
10641
18992
22108
96290
26333
18901
3768
58459
66888
81110
95484
35998
81338
58327
29883
34764
26927
34977
27833
93643
33348
49324
36425
73024
73783
53196
10999
44865
71070
45246
82563
5203
53937
79996
54128
61046
65579
72789
69211
28949
79906
60746
18804
92834
29401
84454
93093
76592
95895
22054
44112
37302
54148
68598
49055
93722
84930
61252
59973
33624
20142
9783
31630
54268
6086
91982
85095
84156
64851
69404
98433
10560
27635
33172
7092
45211
43030
6926
52777
4813
41990
71197
90283
28266
56854
98210
25980
92466
39485
26521
12137
87044
84191
98666
38273
58417
51813
95988
27136
47932
17480
23620
38179
75885
88673
85056
49329
98847
31973
3121
48544
34815
46487
82493
30154
43194
95479
26126
96170
16071
29199
77339
15739
93949
51457
15983
64032
41962
77984
95827
36258
59415
76783
97818
9324
37134
24384
74624
41179
8187
95904
62874
40923
55114
56110
64218
5459
95790
6162
30588
48327
42672
8575
64598
66793
82118
4313
36527
37809
68858
61176
45751
43769
63722
88485
13225
78169
11864
88816
80521
67187
74796
32681
17923
48767
31035
56386
49667
24224
39050
39183
11870
49686
56078
10007
15678
13861
81927
66040
96176
50056
77564
87182
58441
26296
95719
4624
24426
81598
65896
13357
54551
12515
81101
41868
67656
89850
58068
85714
65291
86302
21796
83690
35434
93274
13361
42491
89542
31847
12012
80957
76044
58226
70327
38039
32791
50118
87805
50333
5807
51794
59604
12205
52987
53667
16008
87495
90767
98954
48203
98446
72008
88078
170
12147
77436
7999
566
14411
3651
92702
52880
99639
27502
42891
48413
71171
21541
40621
69781
51229
61622
55835
13937
46196
18189
49577
48789
55406
83918
72922
11178
39316
7483
96045
92314
52658
6878
33679
46063
3987
4553
98651
89642
19294
36814
33037
78142
25533
59832
37568
58410
16692
60005
34091
40218
46397
53292
32109
26286
92244
38291
42210
48283
92724
64743
62071
12891
1709
4926
50850
7288
84719
86690
68055
48386
64664
67939
67604
37171
21353
31886
67246
75580
66971
61072
15564
70018
79795
84617
82203
60373
84135
79731
78727
70223
90645
26863
14690
82466
96671
50146
81507
61340
46766
44418
49152
5781
58879
75648
65078
35028
76815
62819
81550
76549
98249
65153
44466
82986
795
5983
34387
38614
35532
39676
42680
1827
33689
7186
95104
18245
5001
46228
97573
34694
95166
84699
36508
64785
94700
70559
36257
10778
84626
50430
35895
59645
68831
68952
85016
31877
20258
97215
20577
25295
5896
73604
97878
83201
43691
26207
78901
90070
7362
72271
53982
87938
40639
44844
57496
45575
13716
54052
38260
13178
33057
70417
26436
8642
72045
70931
52344
15279
95289
1824
32143
6864
67874
25441
75890
35248
96809
96495
30425
16648
16329
10926
99268
86415
54252
42524
76753
75268
40592
40981
19707
93491
23969
42405
73685
36921
85766
85733
46742
95392
98843
58079
14409
47744
82793
63321
4096
66667
91142
65303
63382
92008
74794
67475
84445
26396
75749
40854
68911
75527
93467
74622
34963
79519
26824
4642
76878
70926
55620
59250
93715
31916
10334
45876
55747
5991
22983
30871
76389
87664
82945
93259
72179
18565
36462
44942
56996
70875
86141
26428
32513
19632
15783
11947
311
49307
88522
48780
86055
18621
6687
52943
37976
74094
11481
76096
55108
13857
97797
84036
57021
94750
36842
51248
31154
61007
83884
86196
10850
58291
7689
3252
93192
21759
36116
21457
38331
52289
37105
61872
4029
59534
15706
84248
49323
32609
77790
47981
43215
75184
19253
21534
16010
54706
95310
70813
26108
36343
37438
78104
28560
47035
79108
11582
73414
7944
48660
64095
98909
83084
13977
43837
24721
53247
5338
20279
67292
5578
40689
48428
43281
4060
17588
72161
90818
75321
70639
24394
62609
9051
19454
8196
6297
49452
71174
84017
79877
97413
30416
44722
29731
69800
21100
28055
44868
2851
33810
8421
48150
49664
41941
85276
8260
17549
56583
26679
38927
92337
6549
61705
89331
92081
4726
50867
87904
73520
91195
43741
24172
35717
72310
73629
32364
60455
296
77613
59977
71906
72891
23465
26579
83557
13007
53068
82413
74604
19698
78559
45890
68741
85017
17529
85184
10413
11077
57752
69904
4979
73566
9685
1898
91247
92037
25762
8999
82739
54390
32915
82297
5278
74870
98282
61087
65093
5458
17711
45678
67964
52501
60923
91621
49349
52853
79024
95736
90494
63876
86436
86855
64680
5435
83362
61451
82556
55692
43276
10780
12506
62669
61082
70943
87224
94971
23632
76352
14892
53891
46685
89362
12744
4768
73596
8650
68006
57723
96715
54233
75067
4634
3737
6603
30418
32860
45795
61153
42466
37679
95529
59414
22251
71410
86434
71890
13647
89770
2786
89106
71380
48325
75064
47540
91814
42428
84558
5127
14933
65232
97636
93191
75485
88462
82035
67931
43157
55469
54480
56599
61772
29305
33893
50701
73712
95457
57664
20407
83214
34280
15263
21307
60867
30728
35250
22124
21980
80935
69727
43585
47725
61147
57199
7148
46696
27174
20225
47531
70414
97401
20600
49906
44293
41827
88556
2939
42946
43636
81152
74737
2796
70068
43791
1044
59173
77748
65609
14026
91997
72523
97582
86900
82520
71730
38764
7820
37916
44891
6956
72700
7707
52630
93801
56458
25679
39339
61692
60786
51300
13426
50316
73550
55683
15377
16802
56700
65
21756
43698
80242
25104
90793
80290
60175
66917
92507
48083
34458
16336
88966
10553
26607
64147
32190
11357
38709
5128
14375
15118
41667
27131
27655
18858
89862
72687
48508
48583
3283
4416
93037
75090
67704
92711
98289
64408
13652
14195
90817
15970
44153
51889
49578
58146
14799
295
44958
69963
96049
90756
83466
58332
22800
29711
11740
56004
43828
39882
64733
