419
3965
7178
6521
167
8846
3584
2017
5645
3664
4355
6829
4048
5136
9282
6124
4449
5012
209
1764
6437
3998
4571
4225
1226
6714
6085
6648
9048
5806
2033
6960
7728
2406
4163
6900
58
7328
2069
8506
2955
8405
4076
8100
6394
5038
4837
9439
7022
4945
2295
9102
1047
420
5444
7719
6042
1268
397
992
9791
4156
6792
8442
7441
3969
5884
6517
9200
7374
7435
6650
4208
8857
5612
7368
3680
7450
7253
1561
4478
6153
3237
2635
6810
4128
6232
7437
4024
9583
188
1531
1442
9638
3486
501
2356
6715
3042
9641
8147
1261
2688
3643
5300
8554
7161
3505
1944
5089
728
47
4868
6273
4840
8845
8222
3539
6954
6651
6397
1366
9524
9393
2141
1842
8467
1334
1170
1220
4893
1438
2934
6851
8356
8577
2359
6111
5339
8956
8709
1151
7174
6132
6376
8211
9810
601
3294
1034
9308
1832
7800
6583
8239
7605
4656
7216
9099
7849
6139
4446
2229
8799
19
8863
5329
4859
177
3538
3886
26
652
4566
1032
3298
8513
5803
9969
7250
4691
7142
2656
457
99
1761
6229
1758
2743
56
8785
985
5498
2417
5705
4744
5114
1130
7136
483
566
313
354
1098
1116
631
5205
3097
3709
1346
1765
9902
4484
9793
7707
4652
5454
4650
8439
6655
4972
7764
2785
1931
7412
6391
3129
2564
6821
7426
1606
9866
2820
4822
7168
2176
8663
5765
628
9446
3510
4589
729
5434
8780
804
4851
8984
2343
670
9183
9677
3149
8990
6403
4016
8262
3249
368
9220
3037
6267
9160
6700
6570
6946
8259
3868
196
1627
4074
5604
1887
8707
9328
7640
2519
2576
849
7204
6782
547
6284
6047
3303
4820
2833
8509
6629
3850
4673
9008
288
6494
12
421
510
5797
2273
8837
5404
7393
1162
4626
7
1299
3583
7404
121
6724
3829
4825
8291
7187
1369
9742
2671
8183
3242
8129
68
5109
6327
6683
8558
447
8708
2135
568
5956
1035
5279
3545
184
1167
960
8085
5730
4096
5585
4306
6640
1853
1981
280
5296
5756
7636
2875
6430
98
4318
8715
8566
1331
5824
596
1269
1015
5353
7019
5104
626
5103
5949
9024
8343
8182
9086
2076
3302
3880
4075
2547
7537
9695
9639
9253
4114
5622
8561
7409
9321
6137
2063
5046
6046
966
4959
1679
5042
9448
3098
5048
739
2908
2817
172
3093
8805
6565
4944
471
6645
4398
3382
9767
8304
4250
9890
8310
4595
312
5721
711
2237
8721
7499
6862
5566
8050
5513
4215
4383
443
3853
7957
6117
754
620
8953
3606
7084
3910
8650
5586
2047
2724
5920
479
9914
6175
2998
8044
7256
9588
2205
9284
1452
1826
772
411
4559
4723
5842
40
204
3669
6356
4274
8420
5203
759
5901
4055
1457
7384
8614
5862
3161
6822
6674
7497
5971
2087
7362
3301
2617
6553
4172
5945
1378
8477
1803
6256
5448
1260
4647
5096
8557
50
5015
4697
3715
6602
8261
7483
9893
4037
3980
3818
2182
3001
5323
2423
9889
565
571
4448
6768
4942
2485
4249
5794
8517
2813
4191
5804
4293
3752
8854
4202
1176
6840
2956
9006
8246
6243
2972
602
6274
8782
4125
339
4257
3899
3280
7807
2969
4090
131
6594
329
8519
11
5348
7826
4239
5856
3310
5776
8646
7474
9995
4494
5063
2097
5514
3801
9697
8008
5656
5605
7406
1808
247
4919
3330
1947
9190
1385
3901
7282
4382
5602
2381
8373
9787
2876
4029
5343
1645
1665
2711
3889
4077
9471
7471
7496
9390
3898
5438
3793
3736
624
166
2463
3050
4611
2380
5974
5039
4603
7658
284
4479
3833
5009
2518
1872
341
9259
9361
2075
6788
3612
8929
4946
945
8828
6919
5124
2418
5595
2803
864
9436
7924
4020
3994
5957
7071
4079
3869
4864
2895
2579
4527
2665
54
8201
7572
4505
3751
7114
5826
4802
4137
8872
3528
578
8272
5516
8187
7970
233
9062
1584
1557
9290
2009
972
2814
584
3481
9387
1187
6558
6381
1722
3509
4396
258
3806
7681
3380
4487
3938
4827
2452
7326
6869
6065
1992
4296
2637
635
6808
5584
2130
6830
2587
4325
2217
2211
5367
9538
2042
9537
8766
8867
8063
3066
1839
3497
391
9292
1562
2751
5197
598
9078
1419
7462
7394
7343
1255
3501
4768
8962
5162
5332
2061
2051
7411
7177
6852
2583
7122
1479
9349
9922
1591
9811
9214
7035
135
1928
4590
5377
3319
80
3358
5849
551
9376
1923
4694
5472
5325
402
3986
6115
4151
7012
5779
967
4629
292
6633
3424
9511
8551
3355
5890
2531
221
9490
894
5169
5640
2404
3023
9489
4828
1824
4836
8221
3978
6461
7004
3645
6331
6764
6945
9434
5171
918
2726
9280
8237
3828
6916
8684
9891
3266
5962
3578
4427
2263
4633
9620
8340
8215
9106
2991
685
5003
2544
3016
1794
702
706
6860
5827
3386
6364
9425
8729
2770
8312
8734
7564
3908
9320
4039
8271
557
3352
3622
5650
387
8293
2215
128
4792
5370
18
6125
9872
9887
3031
8659
4420
9592
9056
8010
9464
1646
8521
3534
1310
7143
7936
4889
5929
8397
2011
7151
4093
1085
1651
2915
771
1793
7314
5939
9851
2306
5491
8457
2244
9173
2812
5033
2320
7179
9953
9653
8052
9640
8906
8232
6375
5289
6997
1414
9510
9260
4604
2725
5433
3789
8134
821
5426
9375
7469
5236
8972
3726
2422
3270
2488
1697
8736
6020
3804
768
1439
5658
6599
8330
1583
7563
1590
3951
4899
5659
3714
4962
505
3285
9729
9426
9294
9808
5239
9527
9285
9766
114
2371
4684
9689
5111
2329
600
2432
9394
4187
5537
1837
109
446
627
7501
731
6941
3211
9596
5435
6530
2551
8173
6723
503
6141
3169
7413
5026
8994
4582
4302
2030
2349
4522
1058
9251
6126
7684
783
9504
815
2494
3361
6980
82
766
639
1099
7068
8862
2697
8311
6546
8699
7873
3212
8757
2815
4554
8027
6421
7093
7848
2403
4085
4326
476
